0 0.63671875 0.8046875 0.3296875 0.2234375
0 0.49765625 0.47265625 0.2203125 0.103125
0 0.9296875 0.38203125 0.1359375 0.0640625
0 0.73828125 0.309375 0.1046875 0.046875
0 0.60703125 0.284375 0.0625 0.053125
0 0.453125 0.27578125 0.078125 0.0234375
0 0.46015625 0.24296875 0.096875 0.021875
0 0.07734375 0.39921875 0.15 0.0734375
0 0.05078125 0.28828125 0.090625 0.040625
0 0.140625 0.23984375 0.075 0.0328125
0 0.184375 0.19296875 0.05625 0.0265625
0 0.209375 0.16171875 0.0421875 0.025
0 0.4109375 0.13203125 0.075 0.025