0 0.88671875 0.6640625 0.1140625 0.0453125
0 0.759375 0.74375 0.2625 0.059375
0 0.546875 0.84453125 0.1296875 0.0515625
0 0.25 0.89765625 0.0921875 0.0359375
0 0.1390625 0.68984375 0.19375 0.0359375
0 0.25 0.61484375 0.1203125 0.03125
0 0.11796875 0.52265625 0.171875 0.0390625
0 0.12890625 0.4265625 0.09375 0.028125
0 0.02890625 0.31015625 0.0546875 0.03125
0 0.57109375 0.56640625 0.190625 0.0609375
0 0.95703125 0.53046875 0.0859375 0.0359375
0 0.68828125 0.42734375 0.1 0.0421875
0 0.47578125 0.3390625 0.0609375 0.028125
0 0.28125 0.2546875 0.078125 0.021875
0 0.175 0.2921875 0.075 0.0234375
0 0.06875 0.21953125 0.065625 0.01875
0 0.02890625 0.1328125 0.0421875 0.0125