0 0.06171875 0.58203125 0.0296875 0.0140625
0 0.0875 0.61015625 0.0328125 0.015625
0 0.1046875 0.6265625 0.0234375 0.0125
0 0.13046875 0.6453125 0.028125 0.015625
0 0.14765625 0.66796875 0.0328125 0.0203125
0 0.18984375 0.69453125 0.0375 0.0203125
0 0.22734375 0.7296875 0.0328125 0.034375
0 0.275 0.75234375 0.0390625 0.034375
0 0.14609375 0.534375 0.025 0.0109375
0 0.1671875 0.54921875 0.025 0.0125
0 0.16484375 0.5703125 0.0296875 0.015625
0 0.1828125 0.596875 0.025 0.015625
0 0.22421875 0.61875 0.0328125 0.034375
0 0.2828125 0.64765625 0.0359375 0.028125
0 0.325 0.68203125 0.046875 0.0265625
0 0.36171875 0.728125 0.0296875 0.028125
0 0.22265625 0.51875 0.028125 0.015625
0 0.23046875 0.5359375 0.021875 0.0125
0 0.26171875 0.55859375 0.0296875 0.0203125
0 0.296875 0.5859375 0.0265625 0.0203125
0 0.34296875 0.6078125 0.034375 0.034375
0 0.3921875 0.63984375 0.040625 0.021875
0 0.4625 0.6953125 0.0421875 0.0265625
0 0.75234375 0.846875 0.065625 0.071875
0 0.89453125 0.9234375 0.071875 0.05625
0 0.79921875 0.6125 0.028125 0.034375
0 0.9078125 0.59140625 0.0390625 0.021875
0 0.62109375 0.5703125 0.2953125 0.19375