0 0.93828125 0.58203125 0.0296875 0.0140625
0 0.9125 0.61015625 0.0328125 0.015625
0 0.8953125 0.6265625 0.0234375 0.0125
0 0.86953125 0.6453125 0.028125 0.015625
0 0.85234375 0.66796875 0.0328125 0.0203125
0 0.81015625 0.69453125 0.0375 0.0203125
0 0.77265625 0.7296875 0.0328125 0.034375
0 0.725 0.75234375 0.0390625 0.034375
0 0.85390625 0.534375 0.025 0.0109375
0 0.8328125 0.54921875 0.025 0.0125
0 0.83515625 0.5703125 0.0296875 0.015625
0 0.8171875 0.596875 0.025 0.015625
0 0.77578125 0.61875 0.0328125 0.034375
0 0.7171875 0.64765625 0.0359375 0.028125
0 0.675 0.68203125 0.046875 0.0265625
0 0.63828125 0.728125 0.0296875 0.028125
0 0.77734375 0.51875 0.028125 0.015625
0 0.76953125 0.5359375 0.021875 0.0125
0 0.73828125 0.55859375 0.0296875 0.0203125
0 0.703125 0.5859375 0.0265625 0.0203125
0 0.65703125 0.6078125 0.034375 0.034375
0 0.6078125 0.63984375 0.040625 0.021875
0 0.5375 0.6953125 0.0421875 0.0265625
0 0.24765625 0.846875 0.065625 0.071875
0 0.10546875 0.9234375 0.071875 0.05625
0 0.20078125 0.6125 0.028125 0.034375
0 0.0921875 0.59140625 0.0390625 0.021875
0 0.37890625 0.5703125 0.2953125 0.19375