0 0.13984375 0.628125 0.1359375 0.1171875
0 0.39375 0.475 0.0671875 0.0390625
0 0.40625 0.5109375 0.04375 0.021875
0 0.44609375 0.53046875 0.059375 0.05
0 0.440625 0.59921875 0.10625 0.059375
0 0.31796875 0.6609375 0.1078125 0.0578125
0 0.328125 0.53671875 0.0765625 0.0359375
0 0.34765625 0.56328125 0.0640625 0.04375
0 0.259375 0.58828125 0.0578125 0.028125
0 0.0796875 0.52890625 0.071875 0.0421875
0 0.69296875 0.43984375 0.1015625 0.0328125
0 0.78125 0.42890625 0.0625 0.021875
0 0.81484375 0.40546875 0.0625 0.0140625
0 0.83125 0.38984375 0.090625 0.015625