0 0.27109375 0.37265625 0.1453125 0.078125
0 0.5109375 0.38828125 0.184375 0.075
0 0.7140625 0.36328125 0.2109375 0.0484375
0 0.34296875 0.53515625 0.3671875 0.1796875
0 0.58828125 0.4890625 0.0796875 0.0484375
0 0.45703125 0.453125 0.0828125 0.0390625
0 0.53828125 0.4359375 0.078125 0.034375
0 0.74921875 0.41640625 0.1640625 0.0484375
0 0.7734375 0.74296875 0.3796875 0.4609375
0 0.44296875 0.775 0.2640625 0.2421875
0 0.08125 0.84765625 0.140625 0.1796875
0 0.26640625 0.93359375 0.1515625 0.128125
0 0.9203125 0.8109375 0.15625 0.2421875
0 0.1421875 0.42890625 0.078125 0.0484375
0 0.36171875 0.2578125 0.0984375 0.0515625