0 0.72890625 0.37265625 0.1453125 0.078125
0 0.4890625 0.38828125 0.184375 0.075
0 0.2859375 0.36328125 0.2109375 0.0484375
0 0.65703125 0.53515625 0.3671875 0.1796875
0 0.41171875 0.4890625 0.0796875 0.0484375
0 0.54296875 0.453125 0.0828125 0.0390625
0 0.46171875 0.4359375 0.078125 0.034375
0 0.25078125 0.41640625 0.1640625 0.0484375
0 0.2265625 0.74296875 0.3796875 0.4609375
0 0.55703125 0.775 0.2640625 0.2421875
0 0.91875 0.84765625 0.140625 0.1796875
0 0.73359375 0.93359375 0.1515625 0.128125
0 0.0796875 0.8109375 0.15625 0.2421875
0 0.8578125 0.42890625 0.078125 0.0484375
0 0.63828125 0.2578125 0.0984375 0.0515625