0 0.653125 0.6046875 0.3703125 0.121875
0 0.3328125 0.6203125 0.121875 0.0546875
0 0.31171875 0.56328125 0.125 0.0765625
0 0.33828125 0.49765625 0.084375 0.0546875
0 0.07265625 0.45859375 0.075 0.0546875
0 0.1859375 0.52734375 0.1203125 0.053125
0 0.6578125 0.43046875 0.125 0.0421875
0 0.675 0.33828125 0.0828125 0.040625
0 0.52890625 0.3671875 0.1828125 0.0453125
0 0.8609375 0.37421875 0.121875 0.0671875
0 0.9296875 0.4859375 0.1 0.0453125
0 0.753125 0.45 0.103125 0.0484375
0 0.73515625 0.5109375 0.1015625 0.0453125
0 0.52578125 0.51640625 0.184375 0.0546875
0 0.4640625 0.45390625 0.0890625 0.0359375
0 0.5421875 0.44453125 0.0765625 0.028125