0 0.346875 0.6046875 0.3703125 0.121875
0 0.6671875 0.6203125 0.121875 0.0546875
0 0.68828125 0.56328125 0.125 0.0765625
0 0.66171875 0.49765625 0.084375 0.0546875
0 0.92734375 0.45859375 0.075 0.0546875
0 0.8140625 0.52734375 0.1203125 0.053125
0 0.3421875 0.43046875 0.125 0.0421875
0 0.325 0.33828125 0.0828125 0.040625
0 0.47109375 0.3671875 0.1828125 0.0453125
0 0.1390625 0.37421875 0.121875 0.0671875
0 0.0703125 0.4859375 0.1 0.0453125
0 0.246875 0.45 0.103125 0.0484375
0 0.26484375 0.5109375 0.1015625 0.0453125
0 0.47421875 0.51640625 0.184375 0.0546875
0 0.5359375 0.45390625 0.0890625 0.0359375
0 0.4578125 0.44453125 0.0765625 0.028125