0 0.725 0.46328125 0.10625 0.0453125
0 0.86328125 0.4984375 0.1234375 0.0546875
0 0.9140625 0.4515625 0.13125 0.0453125
0 0.759375 0.52578125 0.096875 0.0375
0 0.759375 0.58359375 0.1125 0.059375
0 0.73359375 0.68515625 0.1953125 0.1171875
0 0.49375 0.7703125 0.153125 0.075
0 0.66484375 0.81953125 0.1515625 0.1078125
0 0.184375 0.69453125 0.271875 0.0984375
0 0.27421875 0.55859375 0.1265625 0.065625
0 0.09375 0.5515625 0.171875 0.1078125
0 0.21875 0.45078125 0.065625 0.0421875
0 0.5140625 0.571875 0.265625 0.0875
0 0.93203125 0.590625 0.0796875 0.0859375
0 0.95703125 0.8109375 0.0515625 0.05
0 0.39609375 0.89921875 0.6828125 0.196875