0 0.20078125 0.79375 0.1765625 0.1703125
0 0.8234375 0.6140625 0.346875 0.25625
0 0.565625 0.82421875 0.2265625 0.253125
0 0.51875 0.3078125 0.0671875 0.040625
0 0.61953125 0.40703125 0.1875 0.121875
0 0.5515625 0.2390625 0.0609375 0.025
0 0.47109375 0.2625 0.075 0.0234375
0 0.346875 0.45078125 0.0921875 0.0671875
0 0.52109375 0.1953125 0.0671875 0.028125
0 0.61953125 0.19921875 0.0515625 0.0296875
0 0.36953125 0.33515625 0.1140625 0.08125
0 0.146875 0.58046875 0.128125 0.1265625
0 0.68125 0.2515625 0.0984375 0.0609375