0 0.203125 0.16171875 0.1375 0.0453125
0 0.109375 0.26953125 0.15625 0.0671875
0 0.3640625 0.31328125 0.1640625 0.0609375
0 0.56953125 0.31796875 0.225 0.0796875
0 0.8 0.3328125 0.046875 0.053125
0 0.746875 0.375 0.078125 0.040625
0 0.60234375 0.39140625 0.1609375 0.0671875
0 0.5921875 0.51875 0.234375 0.128125
0 0.5703125 0.665625 0.0640625 0.03125
0 0.5453125 0.85234375 0.165625 0.0703125
0 0.15625 0.86484375 0.3125 0.1328125
0 0.85 0.9296875 0.2984375 0.140625
0 0.3765625 0.95390625 0.1734375 0.0921875