0 0.12890625 0.09140625 0.0484375 0.034375
0 0.390625 0.115625 0.053125 0.021875
0 0.321875 0.15234375 0.0765625 0.0359375
0 0.44140625 0.1859375 0.03125 0.0140625
0 0.0328125 0.1859375 0.065625 0.0796875
0 0.1 0.21875 0.0453125 0.034375
0 0.30546875 0.28515625 0.0578125 0.0609375
0 0.0453125 0.34609375 0.0890625 0.040625
0 0.5734375 0.40390625 0.128125 0.0515625
0 0.78828125 0.50390625 0.1375 0.0828125
0 0.4859375 0.50703125 0.2171875 0.1140625
0 0.178125 0.67421875 0.1078125 0.084375
0 0.8078125 0.6921875 0.1734375 0.1296875