0 0.82421875 0.1453125 0.04375 0.0296875
0 0.59765625 0.165625 0.0453125 0.0203125
0 0.6578125 0.196875 0.0671875 0.03125
0 0.55390625 0.22578125 0.0265625 0.0125
0 0.9265625 0.22578125 0.0890625 0.065625
0 0.85078125 0.2546875 0.0375 0.0296875
0 0.6734375 0.3125 0.053125 0.053125
0 0.896875 0.365625 0.0765625 0.0328125
0 0.43984375 0.415625 0.1140625 0.04375
0 0.25390625 0.5015625 0.11875 0.0703125
0 0.515625 0.5046875 0.1875 0.0984375
0 0.7828125 0.64921875 0.09375 0.071875
0 0.23671875 0.66484375 0.15 0.1109375