0 0.51328125 0.8234375 0.0375 0.034375
0 0.540625 0.74140625 0.05 0.0296875
0 0.28671875 0.803125 0.0484375 0.053125
0 0.2078125 0.8984375 0.0625 0.05
0 0.45703125 0.9265625 0.0328125 0.046875
0 0.3953125 0.8265625 0.0765625 0.0265625
0 0.5290937875 0.7366666671875 0.518601521875 0.7466666671875 0.526095996875 0.7566666671875 0.5350893671875 0.76 0.5493288703125 0.76 0.5590716875 0.7416666671875001 0.547080528125 0.7366666671875 0.5334637359375 0.735 0.5290937875 0.7366666671875
0 0.5275948921875 0.8116666671875 0.51097498125 0.8133333328125 0.49686754375 0.8283333328125 0.4983664390625 0.8383333328125 0.5148542843749999 0.8383333328125 0.5290937875 0.8366666671875 0.5275948921875 0.8116666671875
0 0.467639090625 0.945 0.4646413 0.9099999999999999 0.45564792968749995 0.9116666671875 0.45115124375000004 0.925 0.4489029015625 0.9433333328125 0.45489848125 0.95 0.467639090625 0.945
0 0.42342168593749996 0.8333333328125001 0.42791837031249996 0.8183333328125 0.4129294203125 0.8150000000000001 0.41592720937500005 0.82 0.4121799734375 0.8316666671874999 0.42342168593749996 0.8333333328125001
0 0.274281628125 0.7983333328125 0.2705343890625 0.82 0.27652997031250004 0.82 0.2862727890625 0.8150000000000001 0.29601560625 0.8083333328125001 0.30500897656250003 0.7916666671875 0.2975145 0.7833333328125 0.27559267187500003 0.7966666671875 0.274281628125 0.7983333328125
0 0.1903435046875 0.9183333328125001 0.24205538437500002 0.8949999999999999 0.2068313515625 0.8833333328125 0.20158521718750003 0.8949999999999999 0.181350134375 0.9083333328125001 0.1903435046875 0.9183333328125001