0 0.20546875 0.48046875 0.059375 0.053125
0 0.3796875 0.35390625 0.25 0.0734375
0 0.8765625 0.628125 0.2375 0.2890625
0 0.94921875 0.89140625 0.1015625 0.2109375
0 0.44140625 0.8453125 0.371875 0.2671875
0 0.2421875 0.690625 0.078125 0.0734375
0 0.47578125 0.5375 0.1296875 0.08125
0 0.6140625 0.6234375 0.0609375 0.040625
0 0.6625 0.415625 0.0609375 0.04375
0 0.29765625 0.446875 0.1125 0.0671875
0 0.28203125 0.52421875 0.046875 0.034375
0 0.1640625 0.6125 0.05625 0.05625
0 0.20078125 0.77734375 0.0609375 0.0609375
0 0.6171875 0.31953125 0.1703125 0.04375