0 0.33203125 0.61171875 0.2640625 0.196875
0 0.675 0.8515625 0.4375 0.2765625
0 0.1984375 0.93671875 0.3296875 0.1203125
0 0.08203125 0.7453125 0.1578125 0.1375
0 0.65859375 0.4546875 0.390625 0.1640625
0 0.31328125 0.38359375 0.153125 0.0671875
0 0.1234375 0.43671875 0.140625 0.1
0 0.028125 0.51328125 0.05 0.0609375
0 0.3734375 0.18359375 0.153125 0.053125
0 0.51796875 0.278125 0.190625 0.0640625
0 0.5984375 0.21796875 0.084375 0.0375
0 0.78359375 0.228125 0.19375 0.0703125
0 0.30703125 0.125 0.1 0.0375
0 0.41328125 0.10703125 0.1328125 0.040625
0 0.66015625 0.15703125 0.246875 0.0671875
0 0.25 0.06796875 0.1796875 0.0703125
0 0.43203125 0.34296875 0.1375 0.053125
0 0.31171875 0.28203125 0.0625 0.0375
0 0.95859375 0.709375 0.0828125 0.10625
0 0.13671875 0.25234375 0.1625 0.1578125
0 0.5247445671875 0.975 0.8191192296875001 0.9902777765625 0.8538332234375 0.9833333328125 0.8774387359375 0.9472222234375 0.8954900140625 0.89444444375 0.8857700968750001 0.8375 0.8524446640625 0.786111109375 0.7955137140625 0.74444444375 0.71497725 0.698611109375 0.609446709375 0.6875 0.501139053125 0.701388890625 0.43448818593749994 0.80694444375 0.45809369999999994 0.8763888906249999 0.5247445671875 0.975
0 0.220649990625 0.68194444375 0.2525868640625 0.7041666671875 0.30118645312500003 0.725 0.356728840625 0.723611109375 0.3969970734375 0.701388890625 0.41643690937500005 0.6791666671875001 0.4539280234375 0.626388890625 0.459482259375 0.5722222234375 0.4330996265625 0.54305555625 0.4025513140625 0.5347222234375 0.34284324375 0.5222222234375 0.30812925 0.5208333328125 0.259529659375 0.51944444375 0.21648430937500002 0.5277777765625 0.19426735312500001 0.5722222234375 0.1956559140625 0.6166666671875001 0.20537582968749998 0.6597222234375 0.220649990625 0.68194444375
0 0.3122318140625 1 0.3109063703125 0.9708333328125001 0.27063814062499997 0.9208333328125 0.2262042265625 0.9138888906249999 0.1581648 0.9097222234375 0.066519859375 0.91805555625 0.0401372234375 0.9347222234375 0.024863067187499997 0.9694444437499999 0.024863067187499997 0.988888890625 0.0262516265625 1 0.3122318140625 1
0 0.08040545625 0.698611109375 0.029028746875 0.7097222234375 0.0179202703125 0.7722222234375 0.029028746875 0.80694444375 0.04985714375 0.8111111093750001 0.11511944999999998 0.7875 0.1415020828125 0.7541666671875 0.10817665000000001 0.70555555625 0.08040545625 0.698611109375
0 0.04291434375 0.523611109375 0.0387486640625 0.498611109375 0.0064453140625000006 0.4847222234375 0.0068117906249999995 0.54444444375 0.0123660296875 0.54444444375 0.04291434375 0.523611109375
0 0.0456914640625 0.45416666718750004 0.08040545625 0.48194444374999995 0.109565209375 0.48333333281249996 0.12622792656249998 0.47777777656250003 0.144279203125 0.46666666718750005 0.18315887656250002 0.436111109375 0.17343895625 0.4125 0.13039360625000002 0.3916666671875 0.0970681734375 0.388888890625 0.0623541796875 0.42777777656250005 0.0456914640625 0.45416666718750004
0 0.244255503125 0.36666666718749996 0.2414783828125 0.3972222234375 0.244255503125 0.42083333281249996 0.29840933281250004 0.41944444374999995 0.356728840625 0.4097222234375 0.385888596875 0.38333333281250004 0.3650602 0.35972222343750004 0.3053521328125 0.3527777765625 0.2831351765625 0.35972222343750004 0.244255503125 0.36666666718749996
0 0.459482259375 0.44166666718750003 0.5414072828125 0.5208333328125 0.6969259734375 0.5152777765625001 0.6969259734375 0.526388890625 0.7621882796875 0.5208333328125 0.8191192296875001 0.51944444375 0.8552217828125 0.46805555625000006 0.8288391468749999 0.4027777765625 0.823284909375 0.3777777765625 0.7830166765625 0.3708333328125 0.7344170859375 0.3708333328125 0.69970309375 0.38055555625 0.58722975625 0.39027777656249996 0.4747564171875 0.38055555625 0.459482259375 0.44166666718750003
0 0.3650602 0.3333333328125 0.372003 0.35972222343750004 0.385888596875 0.3708333328125 0.40393987343750004 0.375 0.43032250625 0.373611109375 0.46087082031250004 0.36805555624999997 0.4830877765625 0.3652777765625 0.48725345625000005 0.33194444375 0.48031065625 0.3222222234375 0.41921402968750004 0.31944444375000003 0.3817229171875 0.31944444375000003 0.3650602 0.3333333328125
0 0.08734825625 0.26805555625 0.1109537703125 0.2722222234375 0.1539991234375 0.2666666671875 0.1470563234375 0.24583333281250003 0.08734825625 0.26805555625
0 0.1901016734375 0.311111109375 0.1692732796875 0.2875 0.14844488281249998 0.2958333328125 0.129005046875 0.301388890625 0.12345080625 0.3125 0.1553876796875 0.323611109375 0.1901016734375 0.311111109375
0 0.156776240625 0.213888890625 0.1495008671875 0.1847222234375 0.1053995296875 0.1916666671875 0.094291053125 0.1972222234375 0.0831825765625 0.2166666671875 0.1109537703125 0.21944444375 0.156776240625 0.213888890625
0 0.2817466171875 0.2708333328125 0.2775809359375 0.288888890625 0.2831351765625 0.29305555625 0.3053521328125 0.3 0.328957646875 0.3 0.344231803125 0.288888890625 0.3400661234375 0.273611109375 0.302278646875 0.2666666671875 0.2817466171875 0.2708333328125
0 0.44559666406250004 0.3097222234375 0.47059074062499995 0.3152777765625 0.5053047328125 0.32083333281250004 0.5344644859375001 0.32083333281250004 0.5622356796875 0.31944444375000003 0.5969496734375 0.3097222234375 0.609446709375 0.2791666671875 0.5703342 0.26527777656249996 0.5066932937499999 0.2541666671875 0.4747564171875 0.2527777765625 0.4414309828125 0.25833333281250004 0.4261568265625 0.2708333328125 0.42199115000000004 0.288888890625 0.4275453859375 0.30416666718749996 0.44559666406250004 0.3097222234375
0 0.3275690859375 0.2208333328125 0.34978604375 0.223611109375 0.40116275312500005 0.21944444375 0.4330996265625 0.213888890625 0.451150903125 0.1875 0.4386538671875 0.1652777765625 0.41643690937500005 0.1625 0.344231803125 0.1652777765625 0.3053521328125 0.1625 0.2845237359375 0.18194444375000002 0.28591229687499997 0.20277777656249998 0.30118645312500003 0.213888890625 0.3275690859375 0.2208333328125
0 0.2623067796875 0.1166666671875 0.259529659375 0.1375 0.2650839 0.151388890625 0.28591229687499997 0.161111109375 0.316460609375 0.151388890625 0.32479196718750003 0.14305555625 0.34284324375 0.138888890625 0.3550564234375 0.1166666671875 0.3025750140625 0.10694444375 0.2748038171875 0.1097222234375 0.2623067796875 0.1166666671875
0 0.3539517234375 0.1 0.3581174 0.113888890625 0.372003 0.125 0.39144283281250003 0.13333333281249998 0.41921402968750004 0.13333333281249998 0.4692021796875 0.1277777765625 0.485864896875 0.11944444375 0.466425059375 0.09305555625 0.42337970937499997 0.0791666671875 0.3775572359375 0.08194444375 0.3581174 0.086111109375 0.3539517234375 0.1
0 0.309517809375 0.0902777765625 0.32062629062500003 0.0777777765625 0.3400661234375 0.0625 0.33728900624999997 0.04305555625 0.3122949296875 0.03194444375 0.27063814062499997 0.030555556249999997 0.24980974374999998 0.036111109375 0.19287879375 0.030555556249999997 0.17343895625 0.0333333328125 0.16788472031249999 0.055555556250000006 0.1748275171875 0.075 0.19426735312500001 0.08888889062500001 0.20537582968749998 0.1041666671875 0.220649990625 0.1097222234375 0.24980974374999998 0.1097222234375 0.2775809359375 0.1027777765625 0.294243653125 0.0972222234375 0.309517809375 0.0902777765625
0 0.9163184093750001 0.69305555625 0.920484090625 0.7152777765625 0.935758246875 0.7375 0.9579752031250001 0.761111109375 0.98019215625 0.7666666671875 0.9982434328125 0.76805555625 0.9925564234375001 0.6569444437499999 0.9385353671875001 0.6708333328125 0.9218726500000001 0.673611109375 0.9163184093750001 0.69305555625
0 0.6441607031250001 0.32777777656249996 0.635829346875 0.3458333328125 0.64277214375 0.35694444375 0.6538806234375001 0.3652777765625 0.6760975765625 0.36666666718749996 0.701091653125 0.3583333328125 0.6983145328125 0.34305555625 0.6608234203125 0.3291666671875 0.6441607031250001 0.32777777656249996
0 0.7469141234375 0.28194444375 0.708034453125 0.28055555625 0.708034453125 0.30416666718749996 0.7191429296875 0.3083333328125 0.75663404375 0.3097222234375 0.773296759375 0.3 0.773296759375 0.2875 0.7469141234375 0.28194444375
0 0.7774624359375 0.33194444375 0.7691310796875 0.3541666671875 0.7885709171874999 0.36805555624999997 0.820507790625 0.3722222234375 0.8399476265624999 0.3722222234375 0.8524446640625 0.363888890625 0.8593874640625 0.348611109375 0.823284909375 0.338888890625 0.801067953125 0.3291666671875 0.7774624359375 0.33194444375
0 0.9315925671875 0.41805555625 0.93020400625 0.43194444374999996 0.9385353671875001 0.4527777765625 0.9676951203125 0.46666666718750005 0.992689196875 0.46944444374999994 0.9954663140625 0.46944444374999994 0.9954663140625 0.3972222234375 0.9454781640625001 0.4097222234375 0.9315925671875 0.41805555625
0 0.7052573328125 0.25555555625 0.744137003125 0.263888890625 0.7969022734375 0.2708333328125 0.8538332234375 0.275 0.8816044171874999 0.2708333328125 0.8899357765625 0.25555555625 0.8635531406249999 0.23055555625 0.8399476265624999 0.2125 0.8274505859374999 0.2 0.7885709171874999 0.2 0.7385827671875 0.19583333281249998 0.6983145328125 0.20277777656249998 0.6899831765625 0.23194444375 0.7052573328125 0.25555555625
0 0.6441607031250001 0.1916666671875 0.685817496875 0.19305555624999998 0.735805646875 0.19583333281249998 0.785793796875 0.1902777765625 0.808010753125 0.175 0.7774624359375 0.1527777765625 0.7483026828125 0.148611109375 0.6885946171875 0.1472222234375 0.6663776593749999 0.13611110937499998 0.628886546875 0.1277777765625 0.5816755171875 0.1277777765625 0.5483500828125 0.1291666671875 0.5344644859375001 0.1402777765625 0.53029880625 0.1597222234375 0.5525157640625 0.1722222234375 0.59972679375 0.1833333328125 0.6441607031250001 0.1916666671875