0 0.696875 0.0765625 0.1390625 0.0671875
0 0.503125 0.50390625 0.4046875 0.35625
0 0.28515625 0.53984375 0.165625 0.16875
0 0.26015625 0.321875 0.0578125 0.040625
0 0.21953125 0.12265625 0.121875 0.1578125
0 0.85546875 0.2953125 0.125 0.0828125
0 0.646875 0.01640625 0.05 0.0328125
0 0.4828183765625 0.577777778125 0.5355794578124999 0.577777778125 0.5938943375 0.6388888890625 0.6383247203125 0.7111111109375 0.691085803125 0.702777778125 0.6938627015625001 0.6583333328125 0.690625 0.6638888890625 0.6188864281249999 0.5666666671875 0.6383247203125 0.522222221875 0.6577630140624999 0.497222221875 0.5966712359375 0.45277777812500003 0.5216949625 0.3861111109375 0.41894970000000004 0.352777778125 0.346750325 0.33888888906250003 0.30787373906250004 0.4 0.33564272968750003 0.4583333328125 0.43561109374999996 0.525 0.4828183765625 0.577777778125
0 0.268997153125 0.5527777781250001 0.305096840625 0.597222221875 0.2301205671875 0.5611111109375 0.2301205671875 0.5916666671875 0.32731203125 0.627777778125 0.3606348203125 0.597222221875 0.3572916671875 0.5833333328125 0.29398924375 0.522222221875 0.235674365625 0.47222222187499996 0.22456676875 0.50555555625 0.268997153125 0.5527777781250001
0 0.16902878906250002 0.1111111109375 0.19124398125 0.16944444375 0.2467819609375 0.20277777812500003 0.24400506093750002 0.16388888906250001 0.19957467812500002 0.13055555624999998 0.207905375 0.0916666671875 0.21840277812500003 0.0888888890625 0.213459171875 0.055555556250000006 0.177359484375 0.077777778125 0.16902878906250002 0.1111111109375
0 0.6883089046875 0.10555555624999999 0.7045138890625 0.0888888890625 0.75495448125 0.061111110937500004 0.6633168125 0.055555556250000006 0.64387851875 0.0888888890625 0.6883089046875 0.10555555624999999
0 0.8822916671875 0.27777777812500004 0.8077155609375 0.272222221875 0.813269359375 0.3166666671875 0.8688073390625 0.3333333328125 0.902130128125 0.3333333328125 0.89379943125 0.302777778125 0.8822916671875 0.27777777812500004