0 0.7890625 0.45859375 0.08125 0.0703125
0 0.6203125 0.31171875 0.1828125 0.1375
0 0.3453125 0.21796875 0.09375 0.05
0 0.38359375 0.2984375 0.0890625 0.084375
0 0.3359375 0.41328125 0.075 0.0734375
0 0.1078125 0.771875 0.2046875 0.2703125
0 0.7691827640625 0.4916666671875 0.8004448953125 0.4916666671875 0.815294409375 0.4847222234375 0.8090419828125001 0.475 0.8254546015625 0.4583333328125 0.830143921875 0.45694444375 0.8223283890624999 0.43333333281249997 0.794974021875 0.4402777765625 0.766838103125 0.44166666718750003 0.7535516953125 0.45416666718750004 0.7527701421875 0.4791666671875 0.7691827640625 0.4916666671875
0 0.587080840625 0.38194444375000003 0.6120905453125001 0.36805555624999997 0.6488235515625 0.3625 0.7050953921875001 0.3527777765625 0.70744005 0.326388890625 0.69102743125 0.29722222343750004 0.6870236281250001 0.251388890625 0.6324109328125 0.261111109375 0.6113089921875 0.24722222343750003 0.5941148203125 0.2625 0.597241034375 0.28055555625 0.558944921875 0.2902777765625 0.54956628125 0.326388890625 0.5315905546875 0.3291666671875 0.536279875 0.36805555624999997 0.5573818140625 0.3708333328125 0.587080840625 0.38194444375000003
0 0.3080663078125 0.451388890625 0.3236973734375 0.438888890625 0.3362022265625 0.45416666718750004 0.347925525 0.4402777765625 0.3674643578125 0.43194444374999996 0.36980901875 0.39027777656249996 0.354002990625 0.38194444375000003 0.3252604796875 0.3958333328125 0.3119740734375 0.3958333328125 0.310410965625 0.4222222234375 0.3018138796875 0.426388890625 0.293998346875 0.438888890625 0.3080663078125 0.451388890625
0 0.3760614453125 0.3375 0.4002895984375 0.336111109375 0.41982843125 0.33194444375 0.423736196875 0.301388890625 0.41357600312500004 0.2958333328125 0.40419736406249995 0.2916666671875 0.399343828125 0.29305555625 0.3948187234375 0.273611109375 0.375279890625 0.2708333328125 0.347925525 0.276388890625 0.3346391203125 0.2875 0.33307601249999996 0.3166666671875 0.3408915453125 0.323611109375 0.347925525 0.34305555625 0.3760614453125 0.3375
0 0.31978960624999997 0.2375 0.33385756718750004 0.23194444375 0.3510517390625 0.223611109375 0.35808571875 0.23055555625 0.370590571875 0.23194444375 0.385440084375 0.223611109375 0.3791876578125 0.201388890625 0.3604303796875 0.20416666718749998 0.357304165625 0.21527777656249997 0.34948863281250003 0.20694444375 0.34323620625 0.19583333281249998 0.33385756718750004 0.1972222234375 0.32057115937499997 0.201388890625 0.310410965625 0.20694444375 0.3002507734375 0.21944444375 0.2971245609375 0.22916666718749998 0.3096294125 0.2402777765625 0.31978960624999997 0.2375
0 0.0806342921875 0.8916666671875 0.1541003046875 0.8777777765625 0.18223622343749998 0.8458333328125001 0.1884886484375 0.8194444437499999 0.1947410765625 0.763888890625 0.1970857359375 0.6652777765625 0.17832845625 0.675 0.1218266296875 0.6625 0.115804190625 0.661111109375 0.1079886578125 0.65 0.08766827187500001 0.6458333328125 0.0509352671875 0.66805555625 0.0431197328125 0.7125 0.0149838140625 0.7541666671875 0.011076046874999999 0.8402777765625 0.013420707812499998 0.8847222234375 0.034522646875 0.89305555625 0.0806342921875 0.8916666671875