0 0.65625 0.459375 0.0875 0.040625
0 0.6671875 0.41796875 0.0609375 0.028125
0 0.68125 0.621875 0.0671875 0.0328125
0 0.71484375 0.7203125 0.09375 0.0421875
0 0.5640625 0.79921875 0.2125 0.1375
0 0.13203125 0.66015625 0.053125 0.0515625
0 0.35390625 0.6921875 0.05625 0.053125
0 0.4703125 0.41796875 0.0515625 0.0234375
0 0.23203125 0.384375 0.146875 0.0375
0 0.08671875 0.4359375 0.04375 0.025
0 0.13671875 0.4609375 0.04375 0.0234375
0 0.040625 0.5390625 0.0765625 0.025
0 0.05625 0.51171875 0.0609375 0.01875
0 0.32421875 0.5765625 0.0640625 0.028125
0 0.27109375 0.62109375 0.040625 0.025
0 0.3890625 0.9390625 0.1171875 0.11875