0 0.75390625 0.43515625 0.33125 0.1234375
0 0.72421875 0.55 0.19375 0.1
0 0.50859375 0.63359375 0.1828125 0.1265625
0 0.68984375 0.83671875 0.321875 0.1609375
0 0.2953125 0.4484375 0.078125 0.0578125
0 0.1265625 0.28359375 0.159375 0.0796875
0 0.61171875 0.18828125 0.084375 0.0296875
0 0.28046875 0.0765625 0.065625 0.034375
0 0.21796875 0.16796875 0.071875 0.0234375
0 0.1921875 0.19140625 0.075 0.0171875
0 0.5296202328125 0.79305555625 0.5296202328125 0.863888890625 0.54454206875 0.8986111093750001 0.5967684921874999 0.9152777765625 0.6763516171874999 0.91944444375 0.7522042828125 0.9291666671875 0.8154734156250001 0.9083333328125001 0.8454657578125 0.8763888906249999 0.8442222718749999 0.8375 0.8106481406249999 0.7875 0.7683696062500001 0.773611109375 0.7074387765625 0.7652777765625001 0.653968865625 0.7625 0.6017424390625 0.7583333328124999 0.5507595015625 0.76944444375 0.5296202328125 0.79305555625
0 0.41646297656250003 0.6847222234375 0.44630665 0.701388890625 0.4836112390625 0.701388890625 0.5246462859375 0.7 0.5681683078125 0.6944444437499999 0.5880640890625 0.673611109375 0.6067163843750001 0.626388890625 0.549304259375 0.5972222234375 0.456254540625 0.58194444375 0.42641086875 0.5902777765625 0.4052716 0.6097222234374999 0.4052716 0.661111109375 0.41646297656250003 0.6847222234375
0 0.2672446171875 0.41944444374999995 0.2473488390625 0.463888890625 0.2610271875 0.48055555625 0.2846534265625 0.488888890625 0.3057926953125 0.4916666671875 0.3319059078125 0.4875 0.3393668265625 0.4722222234375 0.3281754484375 0.4291666671875 0.2672446171875 0.41944444374999995
0 0.1578178234375 0.3291666671875 0.1764701171875 0.326388890625 0.197609384375 0.3083333328125 0.20507030468749998 0.2833333328125 0.1926354390625 0.2597222234375 0.14289598750000002 0.248611109375 0.1080783703125 0.2527777765625 0.0732607515625 0.2597222234375 0.05585194375 0.275 0.0496345140625 0.29722222343750004 0.06455635 0.313888890625 0.08569561718749999 0.3222222234375 0.119269746875 0.32777777656249996 0.1578178234375 0.3291666671875
0 0.7957263046875 0.5 0.8305439218749999 0.5027777765625 0.869091996875 0.511111109375 0.9014226421875 0.5097222234375 0.9151009906249999 0.4916666671875 0.9101270484375 0.448611109375 0.8641180531250001 0.41944444374999995 0.8055231640624999 0.4125 0.7024648296875 0.40416666718750005 0.6402905171875 0.41527777656250003 0.6067163843750001 0.436111109375 0.6067163843750001 0.47777777656250003 0.6402905171875 0.488888890625 0.6962474000000001 0.4916666671875 0.74225639375 0.49444444374999996 0.7957263046875 0.5
0 0.6303426234375 0.538888890625 0.6315861109375 0.58194444375 0.6552123515625 0.5930555562500001 0.7111692359374999 0.6 0.7584217171875001 0.6 0.7870219015625 0.588888890625 0.8044307109375 0.5666666671875 0.7781599828125 0.5347222234375 0.7111692359374999 0.5097222234375 0.691273453125 0.511111109375 0.6701341875 0.5152777765625001 0.6303426234375 0.538888890625
0 0.612933815625 0.173611109375 0.5768727140625 0.1833333328125 0.573142253125 0.20416666718749998 0.5942815218749999 0.20555555625 0.6390470296874999 0.20416666718749998 0.6514818921875001 0.1972222234375 0.6489949187499999 0.1833333328125 0.612933815625 0.173611109375
0 0.19387892499999998 0.20277777656249998 0.22496608281250002 0.1972222234375 0.2311835171875 0.186111109375 0.20133984531250002 0.18055555625 0.17895708906250002 0.18055555625 0.1540873640625 0.1902777765625 0.164035253125 0.1972222234375 0.19387892499999998 0.20277777656249998
0 0.24983581250000003 0.1652777765625 0.22372259687499998 0.161111109375 0.1839310359375 0.17638889062500002 0.1926354390625 0.1847222234375 0.21626168125 0.186111109375 0.2473488390625 0.1833333328125 0.24983581250000003 0.1652777765625
0 0.2436183796875 0.1666666671875 0.2610271875 0.1527777765625 0.2396027671875 0.14444444375 0.2000963578125 0.1527777765625 0.207557275 0.163888890625 0.2436183796875 0.1666666671875
0 0.303305721875 0.08194444375 0.303305721875 0.0722222234375 0.2756724171875 0.0597222234375 0.24486186562499998 0.08055555625000001 0.24983581250000003 0.0875 0.303305721875 0.08194444375