0 0.43515625 0.80859375 0.221875 0.184375
0 0.43828125 0.5015625 0.18125 0.09375
0 0.3578125 0.40234375 0.1453125 0.0640625
0 0.35 0.3296875 0.103125 0.0390625
0 0.45859375 0.371875 0.1265625 0.05625
0 0.60390625 0.42578125 0.1 0.04375
0 0.60546875 0.384375 0.0828125 0.0375
0 0.53203125 0.33125 0.0515625 0.0234375
0 0.4125 0.3015625 0.075 0.0265625
0 0.44609375 0.27734375 0.0796875 0.0265625
0 0.89453125 0.75390625 0.1 0.090625
0 0.39375 0.2375 0.0546875 0.0234375
0 0.64765625 0.34609375 0.0796875 0.0328125