0 0.94296875 0.4546875 0.1109375 0.0703125
0 0.63359375 0.43828125 0.0515625 0.04375
0 0.425 0.246875 0.084375 0.0609375
0 0.33203125 0.31015625 0.090625 0.0328125
0 0.3734375 0.36796875 0.0515625 0.0296875
0 0.471875 0.303125 0.0515625 0.0328125
0 0.5046875 0.5703125 0.0859375 0.0671875
0 0.59375 0.65859375 0.159375 0.1109375
0 0.37734375 0.5296875 0.0453125 0.034375
0 0.321875 0.66171875 0.2 0.090625
0 0.3 0.85 0.1765625 0.1875
0 0.25078125 0.53984375 0.121875 0.1
0 0.59140625 0.27421875 0.0421875 0.053125
0 0.25390625 0.44765625 0.0703125 0.0625
0 0.2705517484375 0.93194444375 0.30884785937500003 0.93194444375 0.3682459125 0.9333333328125001 0.380750765625 0.9097222234375 0.37840610468749997 0.8527777765625 0.3799692125 0.8152777765625 0.34010999218750004 0.8055555562500001 0.3360230015625 0.7708333328125 0.31666339374999997 0.7652777765625001 0.2697701953125 0.7722222234375 0.2525760203125 0.8 0.239289615625 0.8583333328125 0.217406121875 0.875 0.21271680312500002 0.91944444375 0.233818740625 0.9361111093750001 0.2705517484375 0.93194444375
0 0.2385080625 0.64444444375 0.2244401015625 0.6625 0.22209544218750002 0.6944444437499999 0.22834786875000002 0.7083333328125 0.26898864218749996 0.7125 0.37449833906249996 0.6958333328124999 0.3948187234375 0.6958333328124999 0.4167022171875 0.6722222234374999 0.40810513125 0.6402777765625001 0.3729352328125 0.6291666671875 0.336983778125 0.63055555625 0.29946921875 0.623611109375 0.25492068125 0.625 0.2385080625 0.64444444375
0 0.6386633609375 0.6458333328125 0.6206876328125001 0.61944444375 0.5839546265625 0.6166666671875001 0.5566002609375 0.625 0.5284643421874999 0.6375 0.5175225953125 0.6597222234375 0.5198672546875 0.7083333328125 0.5533463296875001 0.7125 0.5777021999999999 0.7222222234375 0.6433526796875 0.7180555562500001 0.6558575328125 0.6972222234375 0.6691439375 0.68194444375 0.6589837453125 0.6569444437499999 0.6386633609375 0.6458333328125
0 0.4651585234375 0.598611109375 0.47219250312499994 0.611111109375 0.485478909375 0.611111109375 0.5042361890625 0.6097222234374999 0.5237750218749999 0.6097222234374999 0.5401876421875 0.5972222234375 0.5409691953125 0.563888890625 0.520513309375 0.551388890625 0.5050177421875001 0.5472222234374999 0.4862604640625 0.5472222234374999 0.4682847375 0.551388890625 0.46125075625 0.575 0.4651585234375 0.598611109375
0 0.35652261093750004 0.5319444437499999 0.357304165625 0.548611109375 0.3635565921875 0.5555555562500001 0.37840610468749997 0.55694444375 0.385440084375 0.5555555562500001 0.397163384375 0.55 0.39794493750000004 0.5319444437499999 0.375279890625 0.51805555625 0.35652261093750004 0.5319444437499999
0 0.27914883437500004 0.5958333328125 0.3002507734375 0.5847222234375 0.3213527125 0.563888890625 0.29946921875 0.5416666671875 0.267425534375 0.5402777765625 0.26664398125 0.511111109375 0.23772650781250002 0.49583333281249997 0.20021195 0.488888890625 0.1970857359375 0.501388890625 0.200993503125 0.63055555625 0.2197507828125 0.6125 0.23616340156249999 0.6041666671875 0.25882844843749997 0.601388890625 0.27914883437500004 0.5958333328125
0 0.240852721875 0.486111109375 0.2564837875 0.4875 0.2830566 0.49444444374999996 0.2908721328125 0.48333333281249996 0.29243524062500004 0.45416666718750004 0.2846197078125 0.45 0.2627362140625 0.44444444375 0.23772650781250002 0.43333333281249997 0.2260032078125 0.45694444375 0.229910975 0.48333333281249996 0.240852721875 0.486111109375
0 0.3830954265625 0.35 0.36668280468750003 0.35694444375 0.35495950625 0.3583333328125 0.347143971875 0.3652777765625 0.3447993140625 0.386111109375 0.3533964 0.4 0.3674643578125 0.39027777656249996 0.39403717031249996 0.38055555625 0.4049789171875 0.373611109375 0.4002895984375 0.3527777765625 0.3830954265625 0.35
0 0.3080663078125 0.338888890625 0.3276051390625 0.3416666671875 0.347143971875 0.34305555625 0.36590125156250003 0.3375 0.3791876578125 0.3 0.3721536796875 0.29444444375 0.3604303796875 0.2958333328125 0.3399316953125 0.29444444375 0.326042034375 0.29305555625 0.29946921875 0.29305555625 0.2908721328125 0.298611109375 0.28540126093749996 0.32083333281250004 0.287745921875 0.33055555625 0.3080663078125 0.338888890625
0 0.392474065625 0.24583333281250003 0.3948187234375 0.2597222234375 0.406542025 0.2722222234375 0.41904687812499997 0.26944444375 0.4268624109375 0.26527777656249996 0.4370226046875 0.24583333281250003 0.43077017812499996 0.236111109375 0.4104497921875 0.23055555625 0.392474065625 0.24583333281250003
0 0.4393672640625 0.313888890625 0.450309009375 0.31944444375000003 0.46594007656249997 0.323611109375 0.47844493125 0.32083333281250004 0.489386675 0.3125 0.49642065625000004 0.298611109375 0.48860512187499994 0.29305555625 0.46422813124999995 0.28472222343750003 0.45187211562499996 0.2902777765625 0.4393672640625 0.313888890625
0 0.5855177328125001 0.263888890625 0.5745759875 0.28055555625 0.5761390937499999 0.2902777765625 0.5831730734375 0.2958333328125 0.598804140625 0.29444444375 0.6097458875 0.2875 0.6113089921875 0.2708333328125 0.5855177328125001 0.263888890625
0 0.5519109421875 0.348611109375 0.5526924953125001 0.3347222234375 0.5472216203125 0.3333333328125 0.5401876421875 0.336111109375 0.5378429812500001 0.34722222343750003 0.5417507484375 0.351388890625 0.5519109421875 0.348611109375
0 0.6113089921875 0.425 0.6074012265625 0.438888890625 0.608964334375 0.451388890625 0.6167798671875 0.4583333328125 0.630066271875 0.4583333328125 0.64100801875 0.45694444375 0.6503866578124999 0.438888890625 0.6386633609375 0.4222222234375 0.6269400593750001 0.41805555625 0.6214691859375 0.41805555625 0.6113089921875 0.425
0 0.9864545859374999 0.5 0.9958332249999999 0.4916666671875 0.9973963328125001 0.46944444374999994 0.9919254578125001 0.451388890625 0.9778574984375 0.45 0.9622264312500001 0.4402777765625 0.9457791 0.43194444374999996 0.91767789375 0.423611109375 0.8942312953125 0.42777777656250005 0.8840711015625 0.43055555625 0.884852653125 0.45972222343749997 0.8895419734375001 0.475 0.8997021671875001 0.48194444374999995 0.9168963390625 0.486111109375 0.9333089593749999 0.49305555625 0.9489400265624999 0.49583333281249997 0.9778574984375 0.5 0.9864545859374999 0.5