0 0.828125 0.5453125 0.11875 0.05
0 0.7234375 0.63359375 0.0921875 0.059375
0 0.59609375 0.528125 0.1015625 0.04375
0 0.3625 0.58671875 0.128125 0.059375
0 0.49765625 0.7734375 0.3421875 0.134375
0 0.94140625 0.4375 0.1171875 0.0375
0 0.6953125 0.41640625 0.06875 0.0265625
0 0.63704625 0.8027777765625 0.6537089671875 0.79305555625 0.64684785 0.7833333328125 0.6145025734375 0.7722222234375 0.5870581015624999 0.761111109375 0.5870581015624999 0.75555555625 0.579216821875 0.7333333328125 0.5507921875 0.7194444437499999 0.527268353125 0.7180555562500001 0.5125659546875 0.7180555562500001 0.492962759375 0.7166666671875 0.477280203125 0.711111109375 0.46257780468750004 0.725 0.4478754078125 0.726388890625 0.4282722125 0.7291666671875 0.3920062984375 0.74444444375 0.3606411859375 0.7458333328125 0.349859428125 0.7583333328124999 0.349859428125 0.7722222234375 0.33907767031249997 0.7972222234374999 0.3557403859375 0.8125 0.388085659375 0.8347222234375 0.49688339687500005 0.8402777765625 0.5566731453125 0.823611109375 0.6007803359375 0.8111111093750001 0.63704625 0.8027777765625
0 0.401807896875 0.6166666671875001 0.41356981406250004 0.613888890625 0.41356981406250004 0.6027777765625 0.40474837656249996 0.573611109375 0.38220470156249997 0.56805555625 0.3606411859375 0.5652777765625 0.3616213453125 0.5694444437499999 0.33221655 0.575 0.3057522359375 0.58055555625 0.3008514375 0.5875 0.301831596875 0.6166666671875001 0.3655419828125 0.6152777765625 0.401807896875 0.6166666671875001
0 0.5654945828125 0.548611109375 0.5919588984375 0.5458333328125 0.6145025734375 0.54444444375 0.63704625 0.54305555625 0.6399867296874999 0.5319444437499999 0.6262644921875 0.5222222234375 0.6007803359375 0.513888890625 0.57137554375 0.5166666671875 0.5684350640625 0.51944444375 0.5498120281250001 0.523611109375 0.5458913875 0.536111109375 0.54883186875 0.548611109375 0.5654945828125 0.548611109375
0 0.690955040625 0.6597222234375 0.7507447875000001 0.6541666671875 0.7566257453125 0.65 0.763486865625 0.6347222234375 0.763486865625 0.613888890625 0.7585860656250001 0.6041666671875 0.7468241484375 0.6 0.726118259375 0.6083333328125 0.727220953125 0.6125 0.7115383953125 0.6166666671875001 0.7007566375 0.6180555562500001 0.6831137593750001 0.6180555562500001 0.679193121875 0.6319444437499999 0.690955040625 0.6597222234375
0 0.8144551734375 0.5708333328124999 0.8664036453125 0.5708333328124999 0.8781655625000001 0.563888890625 0.8801258828125 0.548611109375 0.8732647625000001 0.538888890625 0.8526814078125 0.538888890625 0.8291575718749999 0.5277777765625 0.7987726187499999 0.525 0.794851978125 0.5319444437499999 0.7772091031249999 0.5319444437499999 0.77132814375 0.55 0.781129740625 0.56805555625 0.8144551734375 0.5708333328124999
0 0.9163917953125 0.461111109375 0.99382441875 0.45694444375 0.999705378125 0.44166666718750003 0.9957847390625 0.436111109375 0.9703005828125001 0.4347222234375 0.9526577078124999 0.42777777656250005 0.93697515 0.426388890625 0.9133731624999999 0.43055555625 0.9056100375 0.43194444374999996 0.8830663624999999 0.4402777765625 0.8899274796875 0.45416666718750004 0.9163917953125 0.461111109375
0 0.6703716843749999 0.41527777656250003 0.6713518421875 0.4291666671875 0.6870344 0.43333333281249997 0.7007566375 0.4347222234375 0.7174193546875001 0.4291666671875 0.7193796734375 0.4166666671875 0.714478875 0.4125 0.6938955203125 0.411111109375 0.6929153593749999 0.40833333281249995 0.6703716843749999 0.41527777656250003
0 0.4576770078125 0.6041666671875 0.479240521875 0.6027777765625 0.4988437171875 0.5944444437499999 0.5076651546875001 0.5847222234375 0.4763000421875 0.561111109375 0.4635579640625 0.5541666671875001 0.46435355312500004 0.5583333328125 0.43415316875 0.55694444375 0.41553013437499997 0.573611109375 0.41847061406249997 0.6 0.43513332968749996 0.6027777765625 0.4576770078125 0.6041666671875
0 0.459375 0.5875 0.0890625 0.0671875