0 0.825 0.76796875 0.35 0.296875
0 0.64140625 0.38828125 0.3390625 0.2234375
0 0.86640625 0.309375 0.2671875 0.259375
0 0.61484375 0.18359375 0.1484375 0.0796875
0 0.20625 0.19140625 0.409375 0.2109375
0 0.29140625 0.3734375 0.3125 0.1734375
0 0.159375 0.73828125 0.315625 0.35
0 0.890625 0.1265625 0.21875 0.09375
0 0.8413830750000001 0.9138888906249999 0.8507441515625 0.9166666671874999 0.9193920484375001 0.9083333328125001 0.9700978812500001 0.9027777765625 0.9981811125 0.89305555625 0.9966209328125 0.6333333328124999 0.9310933953125 0.6319444437499999 0.8421631640625 0.6375 0.7922374234375 0.6375 0.7594736531249999 0.6458333328125 0.713448359375 0.6791666671875001 0.689265578125 0.713888890625 0.6814646796875 0.76805555625 0.6955062953125 0.8361111093750001 0.7251497062500001 0.863888890625 0.7586935640625 0.88055555625 0.7945776906249999 0.9027777765625 0.8413830750000001 0.9138888906249999
0 1 0.24290867968750002 0.9942576671875001 0.17916666718750002 0.9622969843750001 0.19444444375 0.9591766249999999 0.2375 0.9716580625000001 0.2625 0.9880399453125 0.273611109375 0.9935005734375 0.276388890625 1 0.280839553125 1 0.24290867968750002
0 0.8289016406249999 0.1722222234375 0.8577649609375 0.175 0.9108110625 0.1833333328125 0.9989612015624999 0.173611109375 0.9989612015624999 0.08194444375 0.8686862156249999 0.0902777765625 0.8569293265625 0.09305555625 0.82812155 0.0958333328125 0.805498946875 0.1041666671875 0.7813161671875 0.11944444375 0.7883369734375 0.1527777765625 0.8062790375000001 0.16944444375 0.8289016406249999 0.1722222234375
0 0.5582105015625001 0.213888890625 0.583173375 0.2208333328125 0.6120366953125 0.225 0.6416801046875 0.223611109375 0.6619624359375 0.223611109375 0.6845850390625 0.2208333328125 0.68614521875 0.1833333328125 0.6696634078125 0.1583333328125 0.6143769625 0.15555555625 0.5862937328125 0.15555555625 0.551969784375 0.1597222234375 0.5426087078124999 0.163888890625 0.5355879 0.1847222234375 0.53714808125 0.19861110937499998 0.5582105015625001 0.213888890625
0 0.789897153125 0.463888890625 0.8031586781250001 0.43333333281249997 0.8023785906249999 0.3708333328125 0.770394909375 0.351388890625 0.752452846875 0.3152777765625 0.7259297953125 0.301388890625 0.709547909375 0.288888890625 0.6627425265625 0.28055555625 0.62529821875 0.2722222234375 0.5808331046874999 0.28055555625 0.5472892468749999 0.28472222343750003 0.5176458375 0.2958333328125 0.4856621578125 0.313888890625 0.46694000312500006 0.3458333328125 0.464599734375 0.38194444375000003 0.49190287499999996 0.43333333281249997 0.5379281703125 0.45694444375 0.5761525671875 0.461111109375 0.606576065625 0.486111109375 0.6424601921875001 0.4916666671875 0.6744438734375 0.49444444374999996 0.7118881796875 0.49444444374999996 0.7641541921874999 0.476388890625 0.789897153125 0.463888890625
0 1 0.35426065 0.9966209328125 0.298611109375 0.9693177921875 0.275 0.9583650312499999 0.273611109375 0.92641285625 0.26527777656249996 0.896769446875 0.23055555625 0.8593251390625 0.20833333281250002 0.82110074375 0.19444444375 0.7836564359375 0.1902777765625 0.7493324875 0.1875 0.7267098859375001 0.19444444375 0.7196890765624999 0.21527777656249997 0.7368510500000001 0.25694444375000003 0.7610338328124999 0.28055555625 0.7914573328125 0.29722222343750004 0.8195405640625 0.3125 0.8476237937500001 0.33055555625 0.8624454984375 0.338888890625 0.888188459375 0.3458333328125 0.9225124078125001 0.3527777765625 0.9560562656249999 0.36666666718749996 0.9825793171875 0.386111109375 0.9927204828124999 0.3916666671875 1 0.39864545625000003 1 0.35426065
0 0.35070663281250003 0.2902777765625 0.3928314796875 0.2902777765625 0.4045328265625 0.2875 0.3975120171875 0.188888890625 0.39049120937500004 0.1625 0.26255649375 0.1597222234375 0.241292621875 0.1583333328125 0.22043164843750002 0.14444444375 0.1962488671875 0.13611110937499998 0.17050590625 0.10694444375 0.11355935625 0.0875 0.0012264328125 0.086111109375 0.0043467921875 0.3027777765625 0.04803181875 0.31944444375000003 0.106538546875 0.29305555625 0.167385546875 0.298611109375 0.23291308437499997 0.29305555625 0.294540171875 0.2916666671875 0.35070663281250003 0.2902777765625
0 0.202489584375 0.44166666718750003 0.3351048390625 0.45972222343749997 0.388150940625 0.44166666718750003 0.41389390312499996 0.42083333281249996 0.436516503125 0.38333333281250004 0.4443174 0.3347222234375 0.41311381249999996 0.323611109375 0.357553546875 0.30416666718749996 0.23759362187500002 0.311111109375 0.1541240203125 0.3097222234375 0.147883303125 0.338888890625 0.1611448296875 0.4027777765625 0.202489584375 0.44166666718750003
0 0.2582097015625 0.89305555625 0.295654009375 0.8708333328125001 0.3143761625 0.8263888906249999 0.31671643125000004 0.773611109375 0.2855128421875 0.7152777765625 0.256649521875 0.68194444375 0.2472884453125 0.6277777765625 0.21452467656250002 0.58055555625 0.1864414453125 0.5708333328124999 0.1567980359375 0.5708333328124999 0.12325417812499999 0.5708333328124999 0.09049040781249999 0.5694444437499999 0.057726640625000006 0.588888890625 0.029643409375000002 0.5944444437499999 0.0085809875 0.6027777765625 0.005906971875 0.9097222234375 0.0280832296875 0.9111111093750001 0.09829130781249999 0.9152777765625 0.1825409984375 0.9236111093750001 0.2582097015625 0.89305555625