0 0.4578125 0.43515625 0.0703125 0.0640625
0 0.43046875 0.38671875 0.0625 0.0609375
0 0.503125 0.33984375 0.0796875 0.046875
0 0.51796875 0.5484375 0.28125 0.1578125
0 0.5375 0.8296875 0.596875 0.3234375
0 0.497202209375 0.723611109375 0.46203230937499995 0.751388890625 0.38465853125 0.748611109375 0.330731353125 0.8166666671874999 0.30884785937500003 0.9541666671875 0.3080663078125 0.9958333328125001 0.751126190625 0.9916666671875 0.7973186828125 0.926388890625 0.781687615625 0.863888890625 0.7090031578125 0.8222222234375 0.61990608125 0.8041666671875 0.5667604546875 0.711111109375 0.497202209375 0.723611109375
0 0.42060998437499997 0.6097222234374999 0.4495274578125 0.626388890625 0.5159594890625 0.636111109375 0.565197346875 0.6291666671875 0.6011488015625 0.6333333328124999 0.63788180625 0.6166666671875001 0.6377740968750001 0.5902777765625 0.5909886078125 0.5472222234374999 0.5354983203125 0.523611109375 0.497202209375 0.4972222234375 0.4252993046875 0.50555555625 0.4002895984375 0.561111109375 0.42060998437499997 0.6097222234374999
0 0.4917313359375 0.43333333281249997 0.46437697031249997 0.41527777656250003 0.4440565828125 0.4222222234375 0.4276439640625 0.44305555625000004 0.43858571093750004 0.45972222343749997 0.46750318437500005 0.45694444375 0.4917313359375 0.43333333281249997
0 0.43233328281250005 0.36805555624999997 0.4315517296875 0.375 0.42451774999999997 0.3791666671875 0.39638183125 0.4 0.41435755781249994 0.413888890625 0.4417119234375 0.40694444374999994 0.45734299062500006 0.39027777656249996 0.43233328281250005 0.36805555624999997
0 0.489386675 0.326388890625 0.47219250312499994 0.34722222343750003 0.47688182343749996 0.35972222343750004 0.5034546359375 0.36944444375 0.5308090015625 0.36666666718749996 0.53471676875 0.34027777656249997 0.5136148296874999 0.33055555625 0.489386675 0.326388890625
0 0.3838769796875 0.3347222234375 0.37762455156249997 0.31805555625 0.359648825 0.3166666671875 0.36199348593749997 0.33055555625 0.370590571875 0.34027777656249997 0.3838769796875 0.3347222234375
0 0.36953125 0.328125 0.025 0.0296875