0 0.20703125 0.4796875 0.0609375 0.053125
0 0.38046875 0.353125 0.2515625 0.0734375
0 0.87734375 0.628125 0.2375 0.2890625
0 0.95 0.890625 0.1 0.209375
0 0.440625 0.84296875 0.371875 0.265625
0 0.24296875 0.68984375 0.078125 0.0734375
0 0.4765625 0.53671875 0.1296875 0.0796875
0 0.6140625 0.6234375 0.0609375 0.040625
0 0.66328125 0.41484375 0.0609375 0.04375
0 0.29765625 0.446875 0.1125 0.0671875
0 0.28046875 0.5234375 0.046875 0.034375
0 0.1640625 0.61171875 0.05625 0.0578125
0 0.20234375 0.7765625 0.0609375 0.059375
0 0.6171875 0.31796875 0.1703125 0.04375
0 0.74809593125 0.5958333328125 0.7685981546875 0.6291666671875 0.7928280562500001 0.65 0.8030791671875 0.6597222234375 0.877632709375 0.686111109375 0.9270244312499999 0.7166666671875 0.9577187031250001 0.7041666671875 0.977348071875 0.68194444375 0.9503224140625001 0.6555555562500001 0.94100321875 0.613888890625 0.94752665625 0.5902777765625 0.90465836875 0.55 0.8552666468749999 0.5 0.8021472484375 0.511111109375 0.790032296875 0.5375 0.7658023953125 0.573611109375 0.74809593125 0.5958333328125
0 1 0.9560242671875001 0.9978502953125 0.7958333328125 0.9456628171875 0.75555555625 0.8972030140625 0.70694444375 0.8338325031249999 0.6583333328125 0.799351490625 0.6583333328125 0.7751215890625 0.676388890625 0.8077387625 0.726388890625 0.8412878562499999 0.7791666671875 0.877632709375 0.79444444375 0.9065222078125 0.7819444437499999 0.9232295171875 0.7847222234375 0.9391393828125001 0.8083333328125001 0.89627109375 0.8444444437499999 0.9130456421875 0.9055555562500001 0.95964160625 0.9847222234374999 0.9848034265625 0.9958333328125001 0.992724740625 1 1 1 1 0.9560242671875001
0 0.2457914390625 0.9583333328125001 0.288659725 0.9847222234374999 0.35948559062499996 0.988888890625 0.467588228125 0.9458333328125 0.51791186875 0.91805555625 0.578486621875 0.8597222234374999 0.6213549078125 0.8041666671875 0.6306741 0.7375 0.6250825859375 0.7041666671875 0.5943292484375 0.6944444437499999 0.56264399375 0.7041666671875 0.53002681875 0.7125 0.482498934375 0.7208333328125 0.425651859375 0.7222222234375 0.36321326875 0.751388890625 0.28959164375 0.79305555625 0.26070214687500004 0.823611109375 0.2457914390625 0.8875 0.2457914390625 0.9583333328125001
0 0.648380565625 0.6375 0.648380565625 0.625 0.6306741 0.598611109375 0.622286828125 0.5972222234375 0.5915334921875 0.6027777765625 0.5803504609375 0.6166666671875001 0.5831462171874999 0.638888890625 0.605369709375 0.6583333328125 0.6260145031250001 0.6583333328125 0.6325379390625 0.6583333328125 0.648380565625 0.6375
0 0.6316060203125 0.43055555625 0.6474486484375 0.4458333328125 0.6567678406249999 0.451388890625 0.6716785484375001 0.45416666718750004 0.689385015625 0.4375 0.688453096875 0.4222222234375 0.6809977421875 0.4027777765625 0.651176325 0.39305555625 0.6278783421874999 0.4125 0.6316060203125 0.43055555625
0 0.6213549078125 0.3027777765625 0.5943292484375 0.298611109375 0.5272310609375 0.3097222234375 0.5253672218750001 0.336111109375 0.54027793125 0.3416666671875 0.5710312656250001 0.35 0.6045803609375 0.34722222343750003 0.6314696359374999 0.3347222234375 0.6539720828125 0.3347222234375 0.69684036875 0.33055555625 0.7136149171875 0.3152777765625 0.689385015625 0.2958333328125 0.6726104671875001 0.301388890625 0.6493124859375 0.3027777765625 0.6213549078125 0.3027777765625
0 0.2420637625 0.36944444375 0.2541787109375 0.38055555625 0.304502353125 0.39444444375 0.3399152859375 0.39444444375 0.369736703125 0.3875 0.3986262015625 0.38333333281250004 0.46386055 0.3777777765625 0.49164860624999995 0.361111109375 0.515116109375 0.3458333328125 0.503001159375 0.3333333328125 0.48436277343749995 0.32777777656249996 0.46106479218749996 0.33055555625 0.4284476171875 0.3375 0.41633266718749995 0.3222222234375 0.38278357343749997 0.3152777765625 0.3520302375 0.31944444375000003 0.29797891875000004 0.3291666671875 0.25511063125 0.3458333328125 0.2420637625 0.36944444375
0 0.28959164375 0.423611109375 0.26349790624999997 0.4375 0.2336764875 0.461111109375 0.24485951875 0.4972222234375 0.27188517968750003 0.4875 0.303570434375 0.46944444374999994 0.33059609375 0.4583333328125 0.3453025953125 0.43333333281249997 0.3231407375 0.411111109375 0.28959164375 0.423611109375
0 0.1758974921875 0.511111109375 0.1982635546875 0.5222222234375 0.21876578124999999 0.513888890625 0.2355403265625 0.5 0.2429956796875 0.486111109375 0.23926800468749998 0.476388890625 0.213870828125 0.4652777765625 0.18614860625000001 0.4652777765625 0.1768294109375 0.4875 0.1758974921875 0.511111109375
0 0.4107411515625 0.5319444437499999 0.41540074687499995 0.5708333328124999 0.45267751875 0.575 0.48063509687500006 0.575 0.5188437875 0.573611109375 0.5356183328124999 0.563888890625 0.5393460109375 0.5208333328125 0.5149521125 0.50555555625 0.46572438906249997 0.49583333281249997 0.4414944875 0.5 0.41633266718749995 0.5041666671875 0.4107411515625 0.5319444437499999
0 0.147939915625 0.5958333328125 0.1404845609375 0.6083333328125 0.1404845609375 0.6277777765625 0.1460760765625 0.6375 0.15725910781250002 0.638888890625 0.17496557343750002 0.6375 0.18614860625000001 0.6222222234375 0.187770903125 0.588888890625 0.147939915625 0.5958333328125
0 0.2094465859375 0.7166666671875 0.22622113437500002 0.723611109375 0.2439276 0.723611109375 0.26256598593749997 0.7194444437499999 0.2765447734375 0.70694444375 0.28586396875000003 0.6805555562500001 0.2690894203125 0.661111109375 0.2513829546875 0.6569444437499999 0.2299488125 0.6652777765625 0.21783386093749998 0.6791666671875001 0.20665082968749998 0.7083333328125 0.2094465859375 0.7166666671875
0 0.22715305312499998 0.761111109375 0.204786990625 0.7402777765625 0.18708052343749998 0.751388890625 0.1731017359375 0.786111109375 0.17869325 0.8097222234375 0.20012739375000002 0.8097222234375 0.22156153750000002 0.7958333328125 0.22715305312499998 0.761111109375
0 0.304502353125 0.513888890625 0.2840001296875 0.501388890625 0.26163406718750004 0.513888890625 0.259770228125 0.538888890625 0.26070214687500004 0.5555555562500001 0.270021340625 0.5597222234375 0.288659725 0.5527777765625 0.304502353125 0.513888890625