0 0.76484375 0.7015625 0.0765625 0.090625
0 0.61328125 0.61484375 0.184375 0.1703125
0 0.50390625 0.9 0.178125 0.153125
0 0.3984375 0.58359375 0.04375 0.040625
0 0.45703125 0.25703125 0.0765625 0.0265625
0 0.7418283984375 0.75555555625 0.7527701421875 0.761111109375 0.765274996875 0.7652777765625001 0.7824691687499999 0.7597222234375 0.79419246875 0.7472222234375 0.7981002359375 0.7277777765625 0.7981002359375 0.6944444437499999 0.78950315 0.6652777765625 0.7574594640625001 0.6555555562500001 0.744954609375 0.6555555562500001 0.730105096875 0.6722222234374999 0.7277604375 0.69305555625 0.72932354375 0.738888890625 0.7418283984375 0.75555555625
0 0.5042361890625 0.98194444375 0.5276827875000001 0.9722222234375 0.5456585140625 0.9638888906249999 0.5659789 0.95694444375 0.5847361796875 0.9291666671875 0.588643946875 0.9 0.5745759875 0.8652777765625 0.5480031750000001 0.8375 0.5284643421874999 0.8222222234375 0.512051721875 0.8222222234375 0.49094978281249996 0.825 0.47219250312499994 0.8375 0.45577988437499994 0.85 0.4393672640625 0.8666666671875 0.42920707187499996 0.8916666671875 0.4104497921875 0.9208333328125 0.40732357812500003 0.95555555625 0.417483771875 0.9791666671874999 0.43545949687499996 0.99444444375 0.450309009375 0.99444444375 0.48391580312500004 0.988888890625 0.5042361890625 0.98194444375
0 0.6120905453125001 0.713888890625 0.6324109328125 0.7 0.6636730656250001 0.6791666671875001 0.6808672375 0.663888890625 0.6918089843749999 0.6555555562500001 0.7082216046875 0.64305555625 0.69102743125 0.6097222234374999 0.6565358234375 0.5791666671875 0.6222507390625001 0.548611109375 0.6050565671875 0.54444444375 0.5698866671875 0.536111109375 0.56128958125 0.538888890625 0.54956628125 0.5527777765625 0.5253381296875 0.5722222234375 0.5237750218749999 0.586111109375 0.533935215625 0.6180555562500001 0.5354983203125 0.6472222234375 0.5354983203125 0.68194444375 0.5401876421875 0.6902777765625 0.5542556000000001 0.7 0.5800468609375 0.7152777765625 0.597241034375 0.7180555562500001 0.6120905453125001 0.713888890625
0 0.41592066406250006 0.588888890625 0.406542025 0.56805555625 0.3885662984375 0.5666666671875 0.37840610468749997 0.5875 0.37449833906249996 0.6083333328125 0.408886684375 0.6125 0.41592066406250006 0.588888890625
0 0.41592066406250006 0.5027777765625 0.41435755781249994 0.523611109375 0.4276439640625 0.525 0.45265367031250003 0.5222222234375 0.4706293953125 0.5208333328125 0.49329444218749996 0.51805555625 0.5112701687500001 0.498611109375 0.4947159359375 0.475 0.47141095 0.48333333281249996 0.4534352234375 0.486111109375 0.4370226046875 0.488888890625 0.41592066406250006 0.5027777765625
0 0.44093037031250004 0.25694444375000003 0.43467794375 0.275 0.44561969062499995 0.275 0.4651585234375 0.2722222234375 0.48391580312500004 0.2722222234375 0.49094978281249996 0.25 0.48469735625 0.251388890625 0.44781162031250005 0.25 0.44561969062499995 0.2527777765625 0.44093037031250004 0.25694444375000003