0 0.578125 0.58671875 0.1640625 0.09375
0 0.728125 0.5296875 0.140625 0.0671875
0 0.83828125 0.4515625 0.165625 0.0703125
0 0.79609375 0.771875 0.35625 0.1375
0 0.61953125 0.91484375 0.2015625 0.14375
0 0.31328125 0.803125 0.1609375 0.0671875
0 0.6609375 0.453125 0.1859375 0.053125
0 0.5166160546875 0.6333333328124999 0.540106725 0.6375 0.5588992625 0.6347222234375 0.5855220265625001 0.63055555625 0.5972673609375 0.6097222234374999 0.6121447875 0.5916666671875 0.626239190625 0.588888890625 0.65510700625 0.5694444437499999 0.635635459375 0.5555555562500001 0.608229675 0.5625 0.583172959375 0.5666666671875 0.5604653078124999 0.5666666671875 0.5228802328125 0.563888890625 0.50252165 0.5916666671875 0.49938956250000005 0.6208333328125 0.5166160546875 0.6333333328124999
0 0.2433412375 0.8125 0.240209146875 0.8388888906249999 0.27074702031250003 0.8361111093750001 0.31224720625 0.8347222234375 0.349832284375 0.8291666671875 0.36549273125 0.81805555625 0.3678417984375 0.79305555625 0.3222435984375 0.7805555562500001 0.3020679171875 0.7875 0.25352052812500003 0.775 0.2433412375 0.8125
0 0.6841828484375 0.9625 0.7021923625000001 0.9361111093750001 0.714720721875 0.9055555562500001 0.7178528125 0.8597222234374999 0.683399825 0.8625 0.6575600859375 0.8625 0.6425756765624999 0.85694444375 0.6003994515625 0.8513888906249999 0.573776690625 0.8472222234375 0.5518520625 0.85694444375 0.537757659375 0.89444444375 0.5252293 0.9097222234375 0.5142669875 0.95555555625 0.5173990765625 0.98194444375 0.52757836875 0.9861111093750001 0.5534181078125 0.98194444375 0.583172959375 0.9722222234375 0.611361765625 0.9527777765625001 0.6434656828125 0.9736111093750001 0.6841828484375 0.9625
0 0.8674100906250001 0.7958333328125 0.9308349046875 0.7777777765625 0.9692030015625 0.76944444375 0.9637218453124999 0.726388890625 0.8901177390624999 0.726388890625 0.78675878125 0.726388890625 0.7334278078125 0.726388890625 0.733513259375 0.7375 0.6888809828125 0.74444444375 0.673220534375 0.7666666671875 0.6332863921875 0.775 0.62154105625 0.7833333328125 0.627805234375 0.8361111093750001 0.706107475 0.8430555562500001 0.751522775 0.8444444437499999 0.8125985218749999 0.83194444375 0.8674100906250001 0.7958333328125
0 0.690447028125 0.561111109375 0.7656171781250001 0.5597222234375 0.7961550500000001 0.55694444375 0.811032478125 0.536111109375 0.7906738953125 0.5291666671875 0.79850411875 0.51944444375 0.7812776265625 0.501388890625 0.75535763125 0.501388890625 0.7476076609375 0.5 0.29345466875000004 0.488888890625 0.30285093750000003 0.5152777765625001 0.53071045625 0.5152777765625001 0.611361765625 0.5277777765625 0.6575600859375 0.536111109375 0.690447028125 0.561111109375
0 0.919872590625 0.4583333328125 0.8721082234375 0.4291666671875 0.826692925 0.423611109375 0.771098334375 0.423611109375 0.7546548640624999 0.4347222234375 0.74604161875 0.4458333328125 0.737428371875 0.448611109375 0.6105787421875 0.4402777765625 0.5816069140625 0.44444444375 0.58395598125 0.476388890625 0.7593529984375 0.4791666671875 0.917523525 0.488888890625 0.919872590625 0.4583333328125