0 0.80390625 0.5015625 0.1 0.0578125
0 0.75390625 0.61484375 0.14375 0.1234375
0 0.21328125 0.61015625 0.221875 0.1140625
0 0.15625 0.7703125 0.0578125 0.034375
0 0.15625 0.8734375 0.103125 0.1140625
0 0.2828125 0.75859375 0.128125 0.096875
0 0.2640625 0.446875 0.0734375 0.053125
0 0.46015625 0.38359375 0.046875 0.0421875
0 0.6 0.59140625 0.0390625 0.046875
0 0.1625 0.48359375 0.0578125 0.0375
0 0.6912488546875 0.5958333328125 0.688453096875 0.6222222234375 0.6800658234375 0.638888890625 0.6865892578125 0.6555555562500001 0.6987042078125001 0.6666666671875 0.73970865625 0.6791666671875001 0.7843406265625 0.661111109375 0.8123983609375 0.6541666671875 0.8198537140625 0.6208333328125 0.8245133109375 0.5847222234375 0.8086706828124999 0.5708333328124999 0.7956238124999999 0.5625 0.7797811859375 0.55694444375 0.7592789625 0.551388890625 0.7369129 0.5527777765625 0.7201383515625001 0.563888890625 0.6912488546875 0.5652777765625 0.6856573375 0.5777777765625001 0.6912488546875 0.5958333328125
0 0.8058749234375 0.54444444375 0.810534521875 0.536111109375 0.822649471875 0.5291666671875 0.83756018125 0.525 0.8571304859375 0.523611109375 0.8636539187500001 0.5041666671875 0.8534028078125001 0.4972222234375 0.8384047578124999 0.4847222234375 0.8021472484375 0.4791666671875 0.7928280562500001 0.4791666671875 0.7807131046875 0.48055555625 0.7639385578125 0.4875 0.76021088125 0.49444444374999996 0.7546193640625 0.5083333328124999 0.74809593125 0.5166666671875 0.7471640109375 0.5277777765625 0.7639385578125 0.5333333328125 0.77325775 0.5416666671875 0.77325775 0.5472222234374999 0.7769854265625 0.5555555562500001 0.7984195703125 0.5541666671875001 0.8058749234375 0.54444444375
0 0.6045803609375 0.5708333328124999 0.5868738953125 0.58055555625 0.585941975 0.60694444375 0.589669653125 0.611111109375 0.5999207656250001 0.6166666671875001 0.6101718765624999 0.6166666671875001 0.6185591500000001 0.60555555625 0.6174875328125 0.573611109375 0.6045803609375 0.5708333328124999
0 0.3455068015625 0.7958333328125 0.3510983171875 0.7791666671875 0.35296215625 0.7541666671875 0.3520302375 0.7333333328125 0.3436429640625 0.7152777765625 0.3240726578125 0.7125 0.3136098296875 0.7208333328125 0.3017065953125 0.713888890625 0.293319321875 0.7027777765625001 0.27095325937500003 0.701388890625 0.23833608437499998 0.7152777765625 0.23274456875 0.726388890625 0.22156153750000002 0.761111109375 0.21597002187499997 0.786111109375 0.2234253765625 0.80694444375 0.24672335781250002 0.8152777765625 0.2737490171875 0.8263888906249999 0.315685384375 0.8222222234375 0.33339185 0.8097222234375 0.3455068015625 0.7958333328125
0 0.13862072187500002 0.748611109375 0.1311653671875 0.7541666671875 0.1237100140625 0.7666666671875 0.1237100140625 0.79444444375 0.13862072187500002 0.8055555562500001 0.1628506234375 0.8041666671875 0.17751736093749998 0.775 0.18614860625000001 0.7597222234375 0.1721698171875 0.75555555625 0.1581910265625 0.75 0.13862072187500002 0.748611109375
0 0.10786738437500001 0.9041666671874999 0.1069354671875 0.9388888906249999 0.1143908203125 0.9472222234375 0.159122946875 0.9125 0.181489009375 0.8888888906249999 0.199195475 0.8652777765625 0.203855071875 0.825 0.17030597812499998 0.823611109375 0.1293015296875 0.8402777765625 0.1134589015625 0.85 0.1115950625 0.8736111093750001 0.10786738437500001 0.9041666671874999
0 0.1805570890625 0.46805555625000006 0.1656463796875 0.47083333281249995 0.1544633484375 0.47777777656250003 0.148871834375 0.48194444374999995 0.1442122375 0.4972222234375 0.16937405781249998 0.501388890625 0.1758974921875 0.4916666671875 0.18987628125 0.48333333281249996 0.1805570890625 0.46805555625000006
0 0.38278357343749997 0.6097222234374999 0.3939666046875 0.5666666671875 0.3455068015625 0.58055555625 0.3110257875 0.5930555562500001 0.3240726578125 0.5625 0.27188517968750003 0.5597222234375 0.26349790624999997 0.573611109375 0.23274456875 0.586111109375 0.2141061828125 0.5902777765625 0.1889443625 0.58055555625 0.1628506234375 0.5944444437499999 0.141416478125 0.6152777765625 0.115322740625 0.625 0.1013439515625 0.6333333328124999 0.09016091875 0.6527777765625 0.0994801125 0.6708333328125 0.12091425468749999 0.68194444375 0.17403365625 0.673611109375 0.2504510359375 0.6555555562500001 0.28586396875000003 0.6333333328124999 0.338051446875 0.6180555562500001 0.38278357343749997 0.6097222234374999
0 0.292387403125 0.45555555625000005 0.29797891875000004 0.4375 0.2877278046875 0.43194444374999996 0.2690894203125 0.44166666718750003 0.249519115625 0.438888890625 0.23274456875 0.4527777765625 0.2439276 0.461111109375 0.271663521875 0.45416666718750004 0.282136290625 0.461111109375 0.292387403125 0.45555555625000005
0 0.4424264078125 0.3972222234375 0.4655486796875 0.3916666671875 0.48063509687500006 0.3847222234375 0.46945206562499997 0.3777777765625 0.45454135781250005 0.376388890625 0.44335832656249996 0.38055555625 0.4424264078125 0.3972222234375