0 0.94296875 0.11171875 0.1140625 0.1296875
0 0.81171875 0.025 0.1609375 0.05
0 0.57421875 0.06640625 0.3109375 0.1328125
0 0.18671875 0.06796875 0.3203125 0.1359375
0 0.42109375 0.25 0.234375 0.1734375
0 0.69921875 0.38984375 0.2484375 0.1671875
0 0.32734375 0.6015625 0.4578125 0.3765625
0 0.846875 0.778125 0.30625 0.3375
0 0.7026535515625 0.8166666671874999 0.7255688796875 0.8791666671874999 0.80659093125 0.91944444375 0.9350804453125001 0.94305555625 0.9940055734375 0.9416666671874999 0.9997344046875 0.6555555562500001 0.80004369375 0.6152777765625 0.73047930625 0.636111109375 0.6985615296875001 0.7027777765625001 0.7026535515625 0.8166666671874999
0 0.79104124375 0.46805555625000006 0.8164117859375001 0.411111109375 0.80004369375 0.348611109375 0.76403389375 0.326388890625 0.706745575 0.3152777765625 0.6690989640625 0.3152777765625 0.6673548015625 0.3291666671875 0.6126290515624999 0.3333333328125 0.5831664875 0.363888890625 0.572527228125 0.4222222234375 0.6101738375 0.46666666718750005 0.6723725828125 0.4791666671875 0.7386633515625001 0.48333333281249996 0.79104124375 0.46805555625000006
0 0.3597420453125 0.34027777656249997 0.39657025 0.34027777656249997 0.44731133125 0.33055555625 0.4784107046875 0.31944444375000003 0.506236459375 0.3 0.5299701921875 0.2625 0.52260455 0.1902777765625 0.416211959375 0.1722222234375 0.3744733265625 0.188888890625 0.3278242671875 0.20416666718749998 0.3032721296875 0.2541666671875 0.307364153125 0.298611109375 0.3597420453125 0.34027777656249997
0 0.45876899531250004 0.686111109375 0.5054180546875 0.64444444375 0.52587816875 0.5652777765625 0.5324254046875 0.49444444374999996 0.4857763453125 0.45 0.42848802812500003 0.45416666718750004 0.3654708765625 0.436111109375 0.3188218171875 0.436111109375 0.3114561765625 0.4347222234375 0.295088084375 0.438888890625 0.21733965156249999 0.45416666718750004 0.15514090625000002 0.48333333281249996 0.1248599390625 0.525 0.11503908437499999 0.6041666671875 0.11994951093749999 0.6916666671875 0.1665985703125 0.7569444437499999 0.2369813609375 0.7833333328125 0.3188218171875 0.7666666671875 0.39657025 0.723611109375 0.45876899531250004 0.686111109375
0 0.047929909375 0.0166666671875 0.0438378875 0.075 0.0978525875 0.13194444375 0.1772378296875 0.14444444375 0.24025497968749998 0.13055555624999998 0.2869040390625 0.11111110937499999 0.30572734375 0.073611109375 0.286706471875 0.019444443750000002 0.27462797031249997 0.023611109375 0.2492574296875 0.023611109375 0.1756010203125 0.011111109375 0.1109470609375 0.011111109375 0.047929909375 0.0166666671875
0 0.4325800484375 0.075 0.4784107046875 0.10694444375 0.54060945 0.123611109375 0.597079365625 0.1375 0.6772830125 0.1277777765625 0.7132928109375001 0.10694444375 0.7149296203125 0.0597222234375 0.6641885390625 0.030555556249999997 0.6339075703125 0.025 0.5978977703125 0.0208333328125 0.5217861453125 0.0083333328125 0.47350027656250004 0.00555555625 0.43339845312499997 0.0222222234375 0.4325800484375 0.075
0 0.730386890625 0.0083333328125 0.7525762296875 0.0416666671875 0.8016805031249999 0.04444444375 0.8638792499999999 0.048611109375 0.8982522390625001 0.0375 0.912983521875 0.0083333328125 0.730386890625 0.0083333328125
0 0.9154387375 0.1347222234375 0.939990871875 0.1527777765625 0.9629061999999999 0.1625 0.9768190765625 0.1722222234375 0.9874583359375 0.17638889062500002 0.9948239781250001 0.17916666718750002 0.9956128234375001 0.036111109375 0.95063013125 0.036111109375 0.9015258578124999 0.0458333328125 0.8737001046874999 0.054166667187499996 0.867152865625 0.086111109375 0.888431384375 0.11805555625 0.9154387375 0.1347222234375