0 0.68828125 0.32890625 0.15 0.021875
0 0.4734375 0.18125 0.1203125 0.0203125
0 0.31015625 0.1953125 0.1734375 0.0265625
0 0.28671875 0.3046875 0.2203125 0.0453125
0 0.2265625 0.37421875 0.2140625 0.05625
0 0.696875 0.18125 0.1609375 0.015625
0 0.53515625 0.1359375 0.04375 0.0171875
0 0.375 0.684375 0.6296875 0.36875
0 0.7532420906249999 1 0.7620635265625 0.9833333328125 0.7849747640625 0.9472222218749999 0.78914044375 0.8833333328125 0.77872624375 0.8333333328125001 0.7412351328125 0.784722221875 0.705826859375 0.7291666671875 0.6808327828125 0.647222221875 0.687081303125 0.5736111109375 0.6346679703125 0.5111111109375 0.618347596875 0.5097222218749999 0.4142293171875 0.502777778125 0.21011103593749997 0.5166666671875 0.1809512828125 0.534722221875 0.189282640625 0.5486111109375 0.1642885671875 0.5555555562500001 0.1434601703125 0.5722222218749999 0.17470276406250002 0.609722221875 0.1913654796875 0.64444444375 0.137211653125 0.66944444375 0.0809749828125 0.715277778125 0.0601465859375 0.7486111109375 0.11846609687500001 0.76805555625 0.1205489359375 0.8041666671875 0.187199803125 0.8416666671874999 0.2725962234375 0.8583333328125 0.3725725234375 0.8625 0.4975429 0.8666666671875 0.5100399359375001 0.8875 0.52878549375 0.94305555625 0.56627660625 0.9986111109375001 0.5968249203125 1 0.7532420906249999 1
0 0.3013346359375 0.36666666718749996 0.295507459375 0.3611111109375 0.195531159375 0.3541666671875 0.1351288140625 0.3611111109375 0.1351288140625 0.40138888906250003 0.21427671718750002 0.40833333281249995 0.295507459375 0.4 0.3013346359375 0.36666666718749996
0 0.2850932640625 0.2888888890625 0.2351051140625 0.2888888890625 0.1830341234375 0.3 0.187199803125 0.3333333328125 0.27676190312500004 0.33194444375 0.3642411671875 0.32083333281250004 0.395483759375 0.30694444375 0.336751303125 0.29305555625 0.2850932640625 0.2888888890625
0 0.6284179703125 0.322222221875 0.6308446328125 0.33888888906250003 0.6412588296874999 0.34027777812500004 0.6912469828125001 0.34722222187499996 0.75789785 0.34722222187499996 0.7516493296875 0.3263888890625 0.7079097 0.3166666671875 0.6284179703125 0.322222221875
0 0.518371296875 0.1763888890625 0.44508463593750003 0.1708333328125 0.4204778359375 0.18194444375000002 0.426726353125 0.19444444375 0.4642174671875 0.1916666671875 0.5037914203125 0.1916666671875 0.518371296875 0.1763888890625
0 0.22469091406250002 0.197222221875 0.2351051140625 0.20972222187499998 0.2621820265625 0.20972222187499998 0.299673140625 0.20555555625 0.3434127703125 0.20138888906250002 0.3746553640625 0.19444444375 0.33924709062499997 0.1875 0.274251303125 0.1916666671875 0.2434364703125 0.19305555624999998 0.22469091406250002 0.197222221875
0 0.637093153125 0.177777778125 0.618347596875 0.1875 0.6620872265625 0.1916666671875 0.7099925359375 0.190277778125 0.7641463671875 0.1875 0.7620635265625 0.177777778125 0.7016611796875 0.17916666718750002 0.637093153125 0.177777778125
0 0.5246198140625 0.147222221875 0.54753105 0.147222221875 0.54753105 0.134722221875 0.5263346359375001 0.13194444375 0.5246198140625 0.147222221875