0 0.66640625 0.8296875 0.2828125 0.3265625
0 0.8375 0.453125 0.325 0.2203125
0 0.62109375 0.4546875 0.103125 0.090625
0 0.3671875 0.63515625 0.2953125 0.2375
0 0.36015625 0.43203125 0.2703125 0.1296875
0 0.3203125 0.31171875 0.1453125 0.0703125
0 0.54140625 0.28984375 0.128125 0.053125
0 0.0421875 0.59296875 0.0796875 0.10625
0 0.9320020843749999 0.538888890625 0.950747640625 0.5458333328125 0.9747002953124999 0.55694444375 0.988238753125 0.5597222234375 0.9996943703125 0.561111109375 0.9955286921875001 0.39305555625 0.992333984375 0.388888890625 0.959078996875 0.38194444375000003 0.926794984375 0.363888890625 0.8830553546875001 0.3583333328125 0.843481403125 0.35972222343750004 0.808073128125 0.3527777765625 0.7580849781250001 0.35694444375 0.7195524453125001 0.3875 0.7049725703124999 0.4291666671875 0.6778956546875 0.45 0.673729975 0.5 0.6851855921875 0.5277777765625 0.7497536203124999 0.5222222234375 0.80390745 0.54305555625 0.80390745 0.5152777765625001 0.834108621875 0.526388890625 0.8747239953125 0.5222222234375 0.893469553125 0.5291666671875 0.9320020843749999 0.538888890625
0 0.609161946875 0.9736111093750001 0.6258246656249999 0.9986111093750001 0.708096828125 0.988888890625 0.7580849781250001 0.9416666671874999 0.7851618921875 0.9041666671874999 0.768499178125 0.86944444375 0.77150065 0.8416666671874999 0.7924518328125 0.7847222234375 0.7872447328125001 0.7347222234374999 0.7622506578125 0.7041666671875 0.7278838046875 0.6902777765625 0.689351271875 0.688888890625 0.675812815625 0.713888890625 0.634156021875 0.7347222234374999 0.631031765625 0.773611109375 0.6247832453125 0.8027777765625 0.584167871875 0.8333333328125001 0.5425110828124999 0.8430555562500001 0.534179721875 0.8833333328125 0.545635340625 0.9111111093750001 0.5560495375000001 0.925 0.571670834375 0.9527777765625001 0.609161946875 0.9736111093750001
0 0.37171823437499996 0.751388890625 0.40191940937500004 0.7430555562500001 0.4300377421875 0.7152777765625 0.44670045937499997 0.6847222234375 0.44670045937499997 0.638888890625 0.464404596875 0.601388890625 0.5123099078125 0.5833333328125 0.49025065 0.5319444437499999 0.4654460171875 0.5402777765625 0.43420342187500005 0.5583333328125 0.41025076718750003 0.576388890625 0.37796675468749996 0.5694444437499999 0.3425584796875 0.5541666671875001 0.30610878750000003 0.5402777765625 0.266534834375 0.5472222234374999 0.2280023046875 0.561111109375 0.19051119218749998 0.563888890625 0.189469771875 0.5875 0.20717390781249997 0.586111109375 0.2227952046875 0.5972222234375 0.2425821796875 0.6208333328125 0.2852803921875 0.623611109375 0.2863218125 0.663888890625 0.2779904546875 0.7125 0.3279786046875 0.7416666671875001 0.37171823437499996 0.751388890625
0 0.571670834375 0.4652777765625 0.5924992328124999 0.48333333281249996 0.6112447875 0.49027777656250005 0.6424873828125001 0.49305555625 0.6570672578125001 0.4847222234375 0.6633157781250001 0.46805555625000006 0.6590006500000001 0.45972222343749997 0.6570672578125001 0.42777777656250005 0.631031765625 0.41805555625 0.600830590625 0.41944444374999995 0.575836515625 0.4222222234375 0.571670834375 0.4375 0.571670834375 0.4652777765625
0 0.39983657031250003 0.4972222234375 0.45607323749999995 0.4972222234375 0.478984475 0.475 0.476901634375 0.4583333328125 0.45190755937500005 0.44722222343749995 0.4300377421875 0.45555555625000005 0.42274780468750006 0.44166666718750003 0.478984475 0.4347222234375 0.48210873281250005 0.40555555625000006 0.445659040625 0.3875 0.3946294703125 0.3791666671875 0.3821324328125 0.413888890625 0.3904637921875 0.44166666718750003 0.358179778125 0.41805555625 0.3165229875 0.423611109375 0.26549341718749997 0.4222222234375 0.2280023046875 0.43055555625 0.2102981671875 0.45555555625000005 0.25612063749999997 0.4652777765625 0.358179778125 0.48194444374999995 0.39983657031250003 0.4972222234375
0 0.5362625624999999 0.28055555625 0.495647190625 0.286111109375 0.484191571875 0.30555555624999997 0.5185584249999999 0.3152777765625 0.558132378125 0.311111109375 0.5820850328125 0.301388890625 0.596664909375 0.2875 0.5852092921875001 0.276388890625 0.5664637375 0.2791666671875 0.5362625624999999 0.28055555625
0 0.326937184375 0.35 0.3550555171875 0.3416666671875 0.3727596546875 0.338888890625 0.388380953125 0.34027777656249997 0.3946294703125 0.3222222234375 0.3810910125 0.298611109375 0.37171823437499996 0.288888890625 0.345458984375 0.2833333328125 0.3446413203125 0.28194444375 0.3071502078125 0.2902777765625 0.279031871875 0.2902777765625 0.2571620578125 0.29444444375 0.2529963796875 0.3222222234375 0.2873632328125 0.3416666671875 0.326937184375 0.35
0 0.06658223437500001 0.6208333328125 0.053043778124999996 0.6083333328125 0.0363810625 0.598611109375 0.034298221875 0.5875 0.045753840625 0.58055555625 0.0676236546875 0.5625 0.043671 0.5541666671875001 0.007958984375 0.561111109375 0.000972790625 0.64444444375 0.009304146874999999 0.64444444375 0.025966865625000002 0.64444444375 0.039505321875 0.64305555625 0.057209457812499996 0.6375 0.06658223437500001 0.6208333328125