0 0.5765625 0.5703125 0.1625 0.140625
0 0.53046875 0.41796875 0.0921875 0.0640625
0 0.2078125 0.49296875 0.1609375 0.09375
0 0.0578125 0.53359375 0.09375 0.040625
0 0.27109375 0.5703125 0.11875 0.09375
0 0.32109375 0.86171875 0.296875 0.2703125
0 0.69296875 0.2984375 0.046875 0.0296875
0 0.73984375 0.26796875 0.03125 0.015625
0 0.51766340625 0.63055555625 0.5331255328125 0.6375 0.5540448828125 0.64444444375 0.5786023796875 0.6402777765625001 0.6049789515625 0.6375 0.6258983015624999 0.64305555625 0.6576061 0.575 0.6368127453125 0.5583333328125 0.6431795015625 0.5319444437499999 0.611345709375 0.5097222234375 0.5795119171875001 0.5069444437499999 0.5467685875 0.5125 0.5440399765625 0.525 0.5158443312500001 0.5375 0.5022012765625 0.5583333328125 0.498563128125 0.586111109375 0.5049298890625 0.6222222234375 0.51766340625 0.63055555625
0 0.5467685875 0.3972222234375 0.51766340625 0.4 0.49583452031249997 0.41805555625 0.48492007656249997 0.43333333281249997 0.48582961406249997 0.451388890625 0.49674405625 0.45416666718750004 0.51857294375 0.451388890625 0.527511484375 0.4222222234375 0.5513162734375 0.4347222234375 0.53585414375 0.448611109375 0.5640497875 0.44305555625000004 0.5685974734375 0.44166666718750003 0.5658688625 0.425 0.571326084375 0.42083333281249996 0.57496423125 0.4097222234375 0.5704165484375 0.398611109375 0.5622307156249999 0.39444444375 0.5467685875 0.3972222234375
0 0.326685065625 1 0.46218165312500004 0.7958333328125 0.45854350468750005 0.786111109375 0.45490535625 0.763888890625 0.4576339671875 0.73194444375 0.440352765625 0.7333333328125 0.4085189734375 0.74444444375 0.3721374953125 0.74444444375 0.3457609234375 0.775 0.3239320375 0.776388890625 0.3048317625 0.8138888906249999 0.23661649062499998 0.9222222234374999 0.230249734375 0.9111111093750001 0.22024482812500001 0.8847222234375 0.182044275 0.8958333328125001 0.1756775171875 0.9152777765625 0.20296362499999998 0.9583333328125001 0.1811347375 0.99444444375 0.2769393140625 1 0.326685065625 1
0 0.23661649062499998 0.5652777765625 0.22297343593750002 0.5694444437499999 0.21296853124999998 0.5902777765625 0.2111494578125 0.6083333328125 0.218425753125 0.6097222234374999 0.31483666875 0.60555555625 0.317358646875 0.601388890625 0.309379446875 0.576388890625 0.3230225 0.5375 0.2884600953125 0.5347222234375 0.2620835265625 0.5527777765625 0.23661649062499998 0.5652777765625
0 0.1684012203125 0.5305555562500001 0.19204918124999998 0.55 0.2166066796875 0.5472222234374999 0.23661649062499998 0.525 0.25389769375000004 0.5027777765625 0.267540746875 0.49444444374999996 0.28755056093750003 0.46666666718750005 0.268232009375 0.4583333328125 0.27299796875000004 0.44722222343749995 0.23661649062499998 0.4583333328125 0.20114455000000003 0.451388890625 0.1956873296875 0.4527777765625 0.1747679796875 0.47083333281249995 0.1502104828125 0.4722222234375 0.1320197453125 0.48055555625 0.13292928125 0.5083333328124999 0.1402055765625 0.513888890625 0.147481871875 0.513888890625 0.15839631406250002 0.5166666671875 0.1684012203125 0.5305555562500001
0 0.6841086640625 0.29305555625 0.6722846859375 0.2958333328125 0.6722846859375 0.3097222234375 0.6841086640625 0.3083333328125 0.7022994046875 0.3083333328125 0.7068470875 0.298611109375 0.7050280156250001 0.2916666671875 0.69126694375 0.2902777765625 0.6841086640625 0.29305555625
0 0.752323934375 0.2666666671875 0.7385740765625 0.26527777656249996 0.735042734375 0.263888890625 0.7286759734375 0.273611109375 0.732314121875 0.28194444375 0.7432285656250001 0.28194444375 0.752323934375 0.2666666671875
0 0.076537990625 0.525 0.0574377140625 0.5208333328125 0.004684571875 0.54444444375 0.0638044734375 0.5541666671875001 0.0829047484375 0.5333333328125 0.076537990625 0.525