0 0.475 0.8046875 0.1953125 0.384375
0 0.26640625 0.653125 0.221875 0.253125
0 0.06171875 0.796875 0.071875 0.09375
0 0.36953125 0.3453125 0.128125 0.096875
0 0.5140625 0.30859375 0.0984375 0.0703125
0 0.51015625 0.43984375 0.2734375 0.2
0 0.36796875 0.46484375 0.0671875 0.0578125
0 0.434375 0.4953125 0.0515625 0.04375
0 0.7765625 0.61171875 0.3125 0.4640625
0 0.70744005 0.45694444375 0.7207264578125 0.4458333328125 0.7457361625 0.45972222343749997 0.766838103125 0.46666666718750005 0.8176390687499999 0.5027777765625 0.842648775 0.5097222234375 0.8480617765625 0.51805555625 0.9106439140625 0.5652777765625 0.9286196390624999 0.5791666671875 0.9387798328124999 0.5277777765625 0.9036099343749999 0.501388890625 0.8660953734374999 0.4875 0.8215468343750001 0.4527777765625 0.7824691687499999 0.4291666671875 0.738702184375 0.42083333281249996 0.7019691781249999 0.411111109375 0.7043138390625 0.401388890625 0.6683623843750001 0.40416666718750005 0.6511682125 0.43055555625 0.6550759796875 0.46805555625000006 0.6394449125 0.4972222234375 0.625376953125 0.55 0.630066271875 0.5847222234375 0.6621099593750001 0.6319444437499999 0.740265290625 0.73194444375 0.8066973234375 0.8055555562500001 0.85280896875 0.8347222234375 0.8871973140625 0.825 0.8934497406249999 0.7625 0.9137701249999999 0.7291666671875 0.9122070203125 0.673611109375 0.8942312953125 0.623611109375 0.858279840625 0.5944444437499999 0.833270134375 0.5625 0.7965371296875 0.536111109375 0.76136723125 0.5152777765625001 0.7332313109374999 0.5069444437499999 0.716818690625 0.49027777656250005 0.70744005 0.45694444375
0 0.5081439546875 0.5 0.550347834375 0.5472222234374999 0.5808284140625 0.526388890625 0.5941148203125 0.49027777656250005 0.6120905453125001 0.4527777765625 0.635537146875 0.44166666718750003 0.6371002531250001 0.413888890625 0.5955602140625 0.38194444375000003 0.6128720999999999 0.3777777765625 0.5644157937500001 0.3541666671875 0.5354983203125 0.3527777765625 0.497202209375 0.36805555624999997 0.4651585234375 0.3722222234375 0.42842551718750005 0.3708333328125 0.38465853125 0.363888890625 0.3830954265625 0.38055555625 0.3948187234375 0.39444444375 0.42295464374999997 0.41944444374999995 0.42295464374999997 0.44305555625000004 0.43545949687499996 0.45694444375 0.48313425 0.43194444374999996 0.5081439546875 0.44722222343749995 0.5081439546875 0.5
0 0.47375560937500005 0.288888890625 0.4628138625 0.2958333328125 0.4706293953125 0.325 0.4878235703125 0.34305555625 0.520648809375 0.34305555625 0.5425323015625 0.3347222234375 0.559726475 0.32083333281250004 0.543183728125 0.2791666671875 0.5175225953125 0.28194444375 0.489386675 0.2833333328125 0.47375560937500005 0.288888890625
0 0.3033769875 0.388888890625 0.3236973734375 0.4 0.3518332921875 0.386111109375 0.3627750390625 0.3708333328125 0.3830954265625 0.375 0.39403717031249996 0.3375 0.396216875 0.326388890625 0.42451774999999997 0.326388890625 0.4268624109375 0.3083333328125 0.397163384375 0.301388890625 0.36199348593749997 0.311111109375 0.31666339374999997 0.31944444375000003 0.3025954328125 0.34722222343750003 0.3033769875 0.388888890625
0 0.3518332921875 0.45 0.3377653328125 0.463888890625 0.34636242031250003 0.486111109375 0.36980901875 0.4875 0.382313871875 0.48333333281249996 0.395600278125 0.47083333281249995 0.39169251250000003 0.451388890625 0.36572906875 0.4402777765625 0.3518332921875 0.45
0 0.4167022171875 0.47777777656250003 0.4104497921875 0.48055555625 0.41357600312500004 0.5083333328124999 0.4213915390625 0.5152777765625001 0.429988625 0.5166666671875 0.450309009375 0.513888890625 0.44874590468750003 0.4916666671875 0.42670467968750003 0.476388890625 0.4167022171875 0.47777777656250003
0 0.16660515781250002 0.7027777765625001 0.179110009375 0.7541666671875 0.22522165468750002 0.7569444437499999 0.267425534375 0.75 0.3229158203125 0.73194444375 0.36199348593749997 0.701388890625 0.375279890625 0.6375 0.336983778125 0.5472222234374999 0.32057115937499997 0.536111109375 0.29321679375 0.54444444375 0.251012915625 0.56805555625 0.206464375 0.6 0.1720760296875 0.6347222234375 0.16660515781250002 0.7027777765625001
0 0.395600278125 0.988888890625 0.54331385625 0.9930555562500001 0.544095409375 0.9736111093750001 0.544095409375 0.94305555625 0.5394060875 0.8597222234374999 0.5480031750000001 0.8055555562500001 0.5691051140625001 0.73055555625 0.558944921875 0.65 0.5472216203125 0.6333333328124999 0.5034546359375 0.626388890625 0.4495274578125 0.6333333328124999 0.390910959375 0.6666666671875 0.36668280468750003 0.736111109375 0.36590125156250003 0.8055555562500001 0.37840610468749997 0.875 0.4034158109375 0.9305555562500001 0.395600278125 0.988888890625
0 0.0423381796875 0.788888890625 0.03374109375 0.8138888906249999 0.034522646875 0.8402777765625 0.0524983734375 0.8472222234375 0.06812943906249999 0.8375 0.0907944859375 0.8166666671874999 0.09470225156249999 0.7722222234375 0.065003225 0.761111109375 0.0532799265625 0.7708333328125 0.0423381796875 0.788888890625