0 0.5875 0.51328125 0.2796875 0.1796875
0 0.8140625 0.53828125 0.1734375 0.184375
0 0.89375 0.75703125 0.1328125 0.1203125
0 0.18125 0.3046875 0.1984375 0.1171875
0 0.2453125 0.46796875 0.215625 0.15
0 0.2140625 0.65 0.2328125 0.1734375
0 0.2703125 0.9734375 0.1296875 0.046875
0 0.828901525 0.798611109375 0.8549370203125 0.8222222234375 0.913256528125 0.8125 0.938250603125 0.7902777765625 0.9684517781249999 0.76944444375 0.959078996875 0.7347222234374999 0.926708984375 0.713888890625 0.889303871875 0.7083333328125 0.8653512171875001 0.711111109375 0.8424399828125001 0.7277777765625 0.8413985625 0.761111109375 0.828901525 0.798611109375
0 0.689351271875 0.575 0.714345346875 0.58194444375 0.728925225 0.611111109375 0.771623434375 0.626388890625 0.8070317093750001 0.626388890625 0.843481403125 0.6041666671875 0.8652506499999999 0.586111109375 0.8924281328125 0.551388890625 0.8924281328125 0.5083333328124999 0.8747239953125 0.475 0.8372328828125 0.45972222343749997 0.7851618921875 0.4527777765625 0.7549607203125 0.461111109375 0.7403808421875 0.4722222234375 0.701848309375 0.45694444375 0.684144171875 0.4347222234375 0.646653059375 0.4291666671875 0.5862507124999999 0.425 0.520641265625 0.4291666671875 0.47377737499999995 0.4527777765625 0.4477418796875 0.49027777656250005 0.438369103125 0.5555555562500001 0.4654460171875 0.5930555562500001 0.5695879953125 0.60694444375 0.6601915171875 0.5902777765625 0.689351271875 0.575
0 0.1946768703125 0.7 0.24466502031249998 0.70694444375 0.28423897187499997 0.6777777765625 0.3154815671875 0.63055555625 0.318605825 0.58194444375 0.279031871875 0.5694444437499999 0.2425821796875 0.5708333328124999 0.21758810468749998 0.5833333328125 0.188428353125 0.586111109375 0.1655171171875 0.5972222234375 0.121777484375 0.65 0.11032186718749999 0.66944444375 0.09678340937499999 0.6958333328124999 0.0978248296875 0.738888890625 0.151978659375 0.74444444375 0.175931315625 0.7166666671875 0.1946768703125 0.7
0 0.2727833546875 0.4402777765625 0.24570644062500002 0.41805555625 0.196759709375 0.4222222234375 0.18322125312499998 0.398611109375 0.16239285781249999 0.41527777656250003 0.1478129796875 0.44444444375 0.150937240625 0.49027777656250005 0.176708984375 0.5222222234375 0.21342242812499998 0.5319444437499999 0.275907615625 0.5416666671875 0.30923304687500003 0.5375 0.3373513828125 0.51944444375 0.329020025 0.5 0.3113158875 0.4916666671875 0.3102744671875 0.45416666718750004 0.2727833546875 0.4402777765625
0 0.1853040921875 0.36805555624999997 0.204049646875 0.3458333328125 0.2529963796875 0.34722222343750003 0.2779904546875 0.3097222234375 0.266534834375 0.28194444375 0.22383662499999998 0.26805555625 0.19962565000000002 0.2527777765625 0.1571857578125 0.263888890625 0.126984584375 0.276388890625 0.11032186718749999 0.30416666718749996 0.08220353281250001 0.31805555625 0.0801206921875 0.3527777765625 0.129067421875 0.361111109375 0.1853040921875 0.36805555624999997