0 0.4921875 0.74296875 0.2046875 0.1265625
0 0.8609375 0.63984375 0.2625 0.1265625
0 0.3703125 0.56015625 0.2546875 0.0734375
0 0.16015625 0.6546875 0.115625 0.0578125
0 0.59375 0.4296875 0.1328125 0.040625
0 0.63125 0.36640625 0.0984375 0.0296875
0 0.8328125 0.32421875 0.0671875 0.040625
0 0.90703125 0.284375 0.034375 0.01875
0 0.45234375 0.38125 0.06875 0.0375
0 0.565625 0.346875 0.0515625 0.01875
0 0.10390625 0.45703125 0.0953125 0.04375
0 0.271875 0.34453125 0.0578125 0.028125
0 0.39453125 0.37109375 0.053125 0.0296875