0 0.71875 0.64296875 0.4125 0.2671875
0 0.746875 0.41640625 0.078125 0.040625
0 0.865625 0.8984375 0.128125 0.196875
0 0.36015625 0.71484375 0.140625 0.14375
0 0.30703125 0.871875 0.0859375 0.1375
0 0.18984375 0.825 0.121875 0.14375
0 0.17265625 0.66328125 0.1625 0.1203125
0 0.121875 0.5546875 0.234375 0.14375
0 0.28828125 0.45703125 0.0859375 0.0796875
0 0.23046875 0.3984375 0.13125 0.0703125
0 0.4 0.53984375 0.1453125 0.146875
0 0.52109375 0.421875 0.071875 0.0703125
0 0.05234375 0.79296875 0.1 0.134375
0 0.5198046046875 0.64444444375 0.5336902015625 0.6652777765625 0.54323655 0.6833333328125 0.5614613953125 0.7027777765625001 0.5814219421875 0.7180555562500001 0.6300215328125 0.7430555562500001 0.6899031703125 0.7541666671875 0.7411063109375 0.7708333328125 0.8027236484375001 0.786111109375 0.8747551828125 0.7833333328125 0.9007906796875 0.76805555625 0.9172798249999999 0.7027777765625001 0.9112048765624999 0.6319444437499999 0.8712837859375 0.5847222234375 0.7801595515625 0.5347222234375 0.6551891765625 0.513888890625 0.5822897921875 0.5222222234375 0.5467079484374999 0.5333333328125 0.5180689046875 0.5597222234375 0.5172010546875 0.611111109375 0.5198046046875 0.64444444375
0 0.8247091921875 1 0.9086013265625 0.9930555562500001 0.9216190750000001 0.9763888906249999 0.9346368234375 0.9375 0.9242226234375 0.8611111093750001 0.8738873328125001 0.80694444375 0.8400411921875 0.801388890625 0.8131378453125 0.8111111093750001 0.7983843984375001 0.8763888906249999 0.8035914984374999 0.948611109375 0.80781655625 1 0.8247091921875 1
0 0.3071813953125 0.7847222234375 0.32887764218750004 0.8 0.3748736828125 0.8041666671875 0.4017770265625 0.8 0.41913402499999997 0.7777777765625 0.4260768234375 0.7333333328125 0.42520897343749997 0.688888890625 0.38875928125 0.6527777765625 0.3323490421875 0.6541666671875 0.2993707484375 0.66944444375 0.28201375156249997 0.7041666671875 0.28548515 0.75 0.29242795 0.76805555625 0.3071813953125 0.7847222234375
0 0.2663924546875 0.9097222234375 0.2707317046875 0.9388888906249999 0.28288160156250003 0.9402777765625 0.3054456953125 0.9236111093750001 0.32019914374999997 0.9041666671874999 0.34536678906249996 0.8777777765625 0.3540452875 0.83055555625 0.28875054218749996 0.8347222234375 0.28288160156250003 0.8527777765625 0.2663924546875 0.9097222234375
0 0.162250475 0.786111109375 0.1405542296875 0.801388890625 0.12146153281250001 0.8680555562500001 0.12146153281250001 0.9 0.160514775 0.9 0.19696446875 0.88055555625 0.23428201093749998 0.8458333328125001 0.2412248109375 0.775 0.22647136250000002 0.7597222234375 0.20911436718749998 0.7625 0.162250475 0.786111109375
0 0.23428201093749998 0.625 0.20390726718750002 0.61944444375 0.164854025 0.6416666671875 0.13100788125 0.6277777765625 0.0867475390625 0.6402777765625001 0.0997652875 0.68194444375 0.1561755265625 0.738888890625 0.2149658203125 0.6958333328124999 0.2334141609375 0.6652777765625 0.23428201093749998 0.625
0 0.3011064484375 0.42083333281249996 0.28288160156250003 0.436111109375 0.2525068578125 0.448611109375 0.2507711578125 0.48055555625 0.2655246046875 0.49027777656250005 0.29069225 0.488888890625 0.2976350484375 0.48055555625 0.32106699375000003 0.4527777765625 0.3262740921875 0.43055555625 0.3011064484375 0.42083333281249996
0 0.39136282968749997 0.58055555625 0.411323375 0.5694444437499999 0.4555837171875 0.5583333328125 0.45992296718750003 0.5097222234375 0.42173757343749996 0.47777777656250003 0.3740058328125 0.49583333281249997 0.3731379828125 0.523611109375 0.3661951859375 0.54305555625 0.3557809875 0.5541666671875001 0.3427632390625 0.561111109375 0.3262740921875 0.60555555625 0.33755613906250004 0.6222222234375 0.3644594859375 0.60694444375 0.39136282968749997 0.58055555625
0 0.22820706249999997 0.43055555625 0.24035696093749997 0.425 0.25597825625000004 0.425 0.2707317046875 0.425 0.28895655 0.4097222234375 0.2898244 0.39027777656249996 0.26118535625 0.3722222234375 0.2193060984375 0.3791666671875 0.19262521875 0.3875 0.1700611234375 0.4125 0.162250475 0.42777777656250005 0.17613607343749998 0.438888890625 0.19088951875 0.4402777765625 0.21432146406250002 0.4402777765625 0.22820706249999997 0.43055555625
0 0 0.3876754828125 0.0242623515625 0.388888890625 0.0424872 0.4027777765625 0.12840433125 0.38055555625 0.13014003125 0.3722222234375 0.1388185296875 0.34027777656249997 0.11191518593750001 0.3375 0.1006331375 0.3375 0.0832761421875 0.3333333328125 0.06765484375 0.32777777656249996 0.053769245312500005 0.33055555625 0.0372801 0.3416666671875 0.0233945015625 0.3458333328125 0.00516965625 0.3527777765625 0 0.35553558281250003 0 0.3876754828125
0 0.2108500671875 0.5652777765625 0.2351498609375 0.5416666671875 0.24556405781250001 0.5277777765625 0.23254631093749997 0.4972222234375 0.21432146406250002 0.4791666671875 0.16919327343749999 0.49027777656250005 0.163118325 0.49583333281249997 0.1006331375 0.5166666671875 0.07286194375 0.525 0.032073001562499995 0.5458333328125 0.0121124546875 0.55694444375 0.00516965625 0.5777777765625001 0.0164517046875 0.5847222234375 0.00603750625 0.60694444375 0.010376756249999999 0.6277777765625 0.0893510890625 0.613888890625 0.11451873593749999 0.598611109375 0.1414220796875 0.601388890625 0.2108500671875 0.5652777765625
0 0.7228824921875 0.4402777765625 0.7428430390625 0.4402777765625 0.7628035859375 0.4402777765625 0.77929273125 0.438888890625 0.7888390796875 0.425 0.7879712296875 0.40555555625000006 0.7680106828125 0.398611109375 0.7331949875 0.401388890625 0.7228824921875 0.40555555625000006 0.7072611953125 0.43333333281249997 0.7228824921875 0.4402777765625
0 0.5119949859374999 0.40833333281249995 0.49984508749999995 0.41805555625 0.4876951890625 0.4291666671875 0.4955058375 0.451388890625 0.5076557359375 0.4527777765625 0.5319555312500001 0.4458333328125 0.5345590796875 0.4291666671875 0.5119949859374999 0.40833333281249995