0 0.6203125 0.821875 0.1375 0.096875
0 0.5140625 0.7546875 0.0828125 0.0578125
0 0.7421875 0.61015625 0.134375 0.0796875
0 0.565625 0.58984375 0.06875 0.046875
0 0.4375 0.596875 0.0796875 0.034375
0 0.30859375 0.58984375 0.05 0.034375
0 0.4296875 0.5734375 0.11875 0.0265625
0 0.57109375 0.49296875 0.084375 0.046875
0 0.8109375 0.478125 0.0359375 0.0234375
0 0.696875 0.5 0.0640625 0.040625
0 0.64453125 0.44140625 0.03125 0.0234375
0 0.19296875 0.76640625 0.1953125 0.1
0 0.7265625 0.4375 0.0734375 0.05
0 0.70078125 0.38125 0.0453125 0.0421875
0 0.5720387671875 0.7875 0.5609302890625 0.8263888906249999 0.564633115625 0.8527777765625 0.57759300625 0.8666666671875 0.6081413203125 0.875 0.6331353953125001 0.86944444375 0.659055178125 0.8458333328125001 0.6747921859375 0.8041666671875 0.6572037640625 0.7902777765625 0.6322096890625 0.7833333328125 0.588701484375 0.7875 0.5720387671875 0.7875
0 0.5331590953124999 0.7416666671875001 0.5146449671875 0.7416666671875001 0.49983366250000005 0.75 0.4905765984375 0.7777777765625 0.4979822484375 0.7833333328125 0.5192734984375 0.786111109375 0.537787628125 0.7805555562500001 0.5516732249999999 0.748611109375 0.5331590953124999 0.7416666671875001
0 0.186944871875 0.8222222234375 0.2202703046875 0.8125 0.24989291093750002 0.7805555562500001 0.27766410625 0.7541666671875 0.2674813359375 0.7375 0.22212171718749998 0.7375 0.19897905625 0.7402777765625 0.1675050359375 0.7625 0.1480651984375 0.7722222234375 0.1202940046875 0.7833333328125 0.1073341140625 0.79444444375 0.11011123281249999 0.8138888906249999 0.14065954687499999 0.8222222234375 0.186944871875 0.8222222234375
0 0.3146923640625 0.6097222234374999 0.3285779625 0.5944444437499999 0.31376665937500003 0.58194444375 0.2971039421875 0.5916666671875 0.293401115625 0.60694444375 0.3146923640625 0.6097222234374999
0 0.44891980625 0.60694444375 0.4589265046875 0.5902777765625 0.4331827953125 0.5847222234375 0.41281725312499995 0.5930555562500001 0.4146686671875 0.6125 0.4331827953125 0.6125 0.44891980625 0.60694444375
0 0.5904079859375 0.5708333328124999 0.55259893125 0.576388890625 0.5359362156249999 0.58194444375 0.539639040625 0.6027777765625 0.5664845281249999 0.6027777765625 0.582221540625 0.5916666671875 0.5904079859375 0.5708333328124999
0 0.7164489796875 0.626388890625 0.6960834359375 0.6277777765625 0.6896034906249999 0.6319444437499999 0.686826371875 0.6527777765625 0.742368759375 0.64444444375 0.7692142484375 0.6152777765625 0.783099846875 0.6 0.79883685625 0.5833333328125 0.7738427796875 0.5791666671875 0.759031478125 0.5972222234375 0.7386659359375 0.6152777765625 0.7164489796875 0.626388890625
0 0.7238546312499999 0.5125 0.7155232734375 0.4875 0.7044147953125 0.48333333281249996 0.67756930625 0.5027777765625 0.6849749578125001 0.5305555562500001 0.7053405015624999 0.5319444437499999 0.7238546312499999 0.5125
0 0.5877757781249999 0.511111109375 0.6044384953125 0.511111109375 0.6155469734375 0.5 0.6220269171874999 0.488888890625 0.6090670265625 0.473611109375 0.5979585484375 0.47083333281249995 0.5859243640625 0.4722222234375 0.5720387671875 0.488888890625 0.55259893125 0.488888890625 0.5433418671875 0.488888890625 0.52760485625 0.4972222234375 0.5331590953124999 0.511111109375 0.5479704 0.5152777765625001 0.5683359421875 0.5152777765625001 0.5877757781249999 0.511111109375
0 0.6581294718749999 0.436111109375 0.6451695796875 0.43333333281249997 0.6377639281249999 0.44166666718750003 0.6331353953125001 0.45555555625000005 0.6507238171874999 0.45972222343749997 0.659055178125 0.44444444375 0.6581294718749999 0.436111109375
0 0.7451458796875 0.4347222234375 0.7451458796875 0.41805555625 0.7321859890625 0.41805555625 0.7210775109374999 0.438888890625 0.735888815625 0.44444444375 0.7451458796875 0.4347222234375
0 0.7071919140625 0.363888890625 0.6905291984375 0.36944444375 0.6905291984375 0.386111109375 0.7090433265625 0.39027777656249996 0.7164489796875 0.3791666671875 0.7164489796875 0.36666666718749996 0.7071919140625 0.363888890625
0 0.8312365828124999 0.476388890625 0.8210538109375 0.4652777765625 0.8034653890625 0.4722222234375 0.7905054984375 0.4847222234375 0.8034653890625 0.5027777765625 0.8210538109375 0.498611109375 0.8312365828124999 0.476388890625