0 0.475 0.553125 0.2890625 0.1203125
0 0.45546875 0.81171875 0.896875 0.3171875
0 0.91796875 0.64140625 0.1640625 0.1171875
0 0.196875 0.478125 0.140625 0.0375
0 0.2453125 0.3984375 0.190625 0.0296875
0 0.714171021875 0.9013888906249999 0.786532584375 0.85694444375 0.8500934171875001 0.8361111093750001 0.919521403125 0.7597222234375 0.9009420828125 0.726388890625 0.810979059375 0.7097222234375 0.7131931625 0.69305555625 0.66122909375 0.7 0.654521625 0.7152777765625 0.6007393828125001 0.726388890625 0.5557578703125 0.7041666671875 0.5254442421875 0.675 0.491219178125 0.6666666671875 0.45797197343749996 0.66805555625 0.3865882703125 0.6569444437499999 0.33867318125 0.6708333328125 0.337695321875 0.6916666671875 0.313248846875 0.7208333328125 0.24382086093750002 0.7347222234374999 0.17634859375 0.7472222234375 0.144079246875 0.7819444437499999 0.07954055625 0.8055555562500001 0.021846878125 0.8347222234375 0.019891159375000002 0.8972222234375 0.059983378125 0.94305555625 0.27804592499999997 0.9583333328125001 0.313248846875 0.9763888906249999 0.398322578125 0.9736111093750001 0.46970628124999997 0.9597222234375 0.5391342671875 0.9402777765625 0.6359423046875 0.9222222234374999 0.714171021875 0.9013888906249999
0 0.3425846171875 0.5833333328125 0.38365469218750003 0.5944444437499999 0.4413483703125 0.60555555625 0.49415275625 0.6097222234374999 0.547934996875 0.6208333328125 0.5850936390625 0.61944444375 0.5958500875 0.586111109375 0.5663542890625 0.55694444375 0.5469571390625 0.5555555562500001 0.515665653125 0.5472222234374999 0.4833963078125 0.54305555625 0.43645907812500007 0.54305555625 0.3846325515625 0.54305555625 0.36116393593749996 0.551388890625 0.3455181921875 0.5597222234375 0.3425846171875 0.5833333328125
0 0.8940970703125 0.673611109375 0.92538855625 0.673611109375 0.9596136203125001 0.6875 0.98112651875 0.6944444437499999 0.9928608265625 0.6944444437499999 0.9967722609375 0.6 0.9781305031249999 0.5972222234375 0.945923596875 0.5944444437499999 0.921477121875 0.6083333328125 0.883340621875 0.611111109375 0.84618198125 0.6097222234374999 0.83933696875 0.63055555625 0.8403148265624999 0.6652777765625 0.8686727375000001 0.6777777765625 0.8940970703125 0.673611109375
0 0.35236320625 0.551388890625 0.4061454484375 0.5458333328125 0.47263985937499997 0.54305555625 0.5635807421875 0.5583333328125 0.59389436875 0.5833333328125 0.6007393828125001 0.563888890625 0.5987836640624999 0.55694444375 0.624207996875 0.511111109375 0.6007393828125001 0.5041666671875 0.5762929078125001 0.5125 0.5381564078125 0.5208333328125 0.49513061562500005 0.526388890625 0.4266804859375 0.5319444437499999 0.37289824375 0.5305555562500001 0.3670310921875 0.536111109375 0.35236320625 0.551388890625
0 0.1294113640625 0.486111109375 0.16070285 0.5041666671875 0.20861793906249998 0.5027777765625 0.2447987203125 0.49583333281249997 0.25946660625 0.4847222234375 0.256533028125 0.47083333281249995 0.24554051718749997 0.4652777765625 0.1655921453125 0.48194444374999995 0.13821209375000001 0.476388890625 0.1294113640625 0.486111109375
0 0.18319360625 0.411111109375 0.202750784375 0.4097222234375 0.238931565625 0.4097222234375 0.2506658734375 0.4097222234375 0.28000164375000003 0.40416666718750005 0.297603103125 0.40555555625000006 0.33182816875 0.4027777765625 0.3279167328125 0.39027777656249996 0.322049578125 0.398611109375 0.3122709875 0.3958333328125 0.2878245140625 0.3875 0.2663116171875 0.39305555625 0.23110869531249997 0.398611109375 0.212529375 0.4027777765625 0.19003862031250002 0.401388890625 0.1646142859375 0.401388890625 0.1558135546875 0.40694444374999994 0.16754786093750001 0.4125 0.18319360625 0.411111109375