0 0.42890625 0.18984375 0.078125 0.040625
0 0.47109375 0.1234375 0.0671875 0.040625
0 0.4109375 0.44140625 0.0859375 0.090625
0 0.271875 0.38828125 0.109375 0.090625
0 0.17578125 0.73828125 0.0875 0.096875
0 0.52265625 0.61171875 0.1015625 0.0828125
0 0.6734375 0.33203125 0.040625 0.0375
0 0.7046875 0.3 0.0390625 0.0390625
0 0.75703125 0.4265625 0.084375 0.0734375
0 0.7671875 0.56640625 0.096875 0.1140625
0 0.730558184375 0.538888890625 0.7258028453125001 0.5666666671875 0.7372156640624999 0.6041666671875 0.749579553125 0.61944444375 0.7866712140625001 0.6125 0.8056925828124999 0.588888890625 0.799986171875 0.538888890625 0.7724051921874999 0.5152777765625001 0.749579553125 0.525 0.730558184375 0.538888890625
0 0.7391177984375 0.4166666671875 0.7229496390625 0.4375 0.7248517765625 0.45555555625000005 0.7372156640624999 0.461111109375 0.760041303125 0.461111109375 0.7819158749999999 0.45555555625000005 0.7914265578124999 0.436111109375 0.7571880984375 0.411111109375 0.7391177984375 0.4166666671875
0 0.6820537015625 0.34027777656249997 0.6820537015625 0.325 0.6658855406249999 0.31805555625 0.65827699375 0.3375 0.6639834046875001 0.3458333328125 0.6820537015625 0.34027777656249997
0 0.7009518875 0.2833333328125 0.6887111796875 0.29305555625 0.685857975 0.311111109375 0.6925154515624999 0.3166666671875 0.7143900249999999 0.3152777765625 0.7210475015625 0.3083333328125 0.717243228125 0.29444444375 0.7009518875 0.2833333328125
0 0.39578214218749996 0.1847222234375 0.398635346875 0.1972222234375 0.41004816718750003 0.20555555625 0.43002060000000003 0.20555555625 0.45855265 0.1972222234375 0.4556994453125 0.186111109375 0.4404823515625 0.1777777765625 0.4071949609375 0.17638889062500002 0.39578214218749996 0.1847222234375
0 0.4754952671875 0.10555555624999999 0.44238448906250005 0.113888890625 0.43953128281250003 0.11944444375 0.44523769375000005 0.1347222234375 0.46711226406249995 0.1402777765625 0.4889868359375 0.1375 0.49659538281250004 0.1222222234375 0.4754952671875 0.10555555624999999
0 0.22554091562499998 0.3708333328125 0.224589846875 0.4097222234375 0.23219839531250003 0.436111109375 0.254072965625 0.4375 0.2940178328125 0.4347222234375 0.3158924046875 0.4166666671875 0.321598815625 0.3777777765625 0.28926249375 0.34722222343750003 0.27024112499999997 0.35555555625 0.25977937500000003 0.35694444375 0.22554091562499998 0.3708333328125
0 0.37961398125 0.475 0.39292893906250004 0.47777777656250003 0.43858021718750007 0.488888890625 0.44238448906250005 0.475 0.44238448906250005 0.45555555625000005 0.4433355578125 0.43055555625 0.43858021718750007 0.40416666718750005 0.39578214218749996 0.40694444374999994 0.3729565015625 0.41527777656250003 0.36725009375 0.42777777656250005 0.36534795625 0.475 0.37961398125 0.475
0 0.143749040625 0.7041666671875 0.142797971875 0.748611109375 0.14755331562500001 0.773611109375 0.1675257484375 0.7833333328125 0.1836939109375 0.7833333328125 0.1979599359375 0.776388890625 0.212225959375 0.7333333328125 0.1894003203125 0.6944444437499999 0.1542107921875 0.6972222234375 0.143749040625 0.7041666671875
0 0.5099103375 0.58194444375 0.494693246875 0.5902777765625 0.48042722187500003 0.636111109375 0.49754645000000003 0.661111109375 0.5336870453125 0.66944444375 0.5631701640625 0.64444444375 0.557463753125 0.6097222234374999 0.5289317062500001 0.58055555625 0.5099103375 0.58194444375