0 0.43671875 0.80859375 0.221875 0.184375
0 0.4390625 0.5 0.18125 0.09375
0 0.359375 0.4015625 0.1453125 0.0640625
0 0.34921875 0.3296875 0.1015625 0.0390625
0 0.459375 0.371875 0.1265625 0.0578125
0 0.60390625 0.425 0.1 0.04375
0 0.60625 0.38515625 0.08125 0.0375
0 0.5328125 0.33203125 0.053125 0.0234375
0 0.41328125 0.3 0.075 0.0265625
0 0.446875 0.2765625 0.0796875 0.0265625
0 0.89375 0.7546875 0.1 0.090625
0 0.39375 0.23828125 0.0546875 0.0234375
0 0.6484375 0.346875 0.0796875 0.034375
0 0.929027640625 0.786111109375 0.9327974859375001 0.7708333328125 0.9196030265624999 0.7472222234375 0.8941565703125001 0.73055555625 0.8724799593749999 0.7125 0.8479759640625 0.726388890625 0.8526882718750001 0.7583333328124999 0.8827683125 0.7916666671875 0.8913291859375001 0.7916666671875 0.908293490625 0.7916666671875 0.929027640625 0.786111109375
0 0.44648742812500003 0.9083333328125001 0.48324342031249995 0.9041666671874999 0.5124597234375 0.89305555625 0.53130895 0.8819444437499999 0.5397911015625 0.8597222234374999 0.5435609484375 0.8111111093750001 0.5341363343750001 0.748611109375 0.49643787968749997 0.723611109375 0.47381880781249996 0.7208333328125 0.44460250625000003 0.73055555625 0.40313420625 0.7402777765625 0.3710905203125 0.7597222234375 0.3456440640625 0.7722222234375 0.32019760625 0.788888890625 0.3173702234375 0.8152777765625 0.3286797609375 0.8458333328125001 0.3352769890625 0.8708333328125001 0.3484714484375 0.886111109375 0.37297544375 0.9013888906249999 0.4050191296875 0.9111111093750001 0.44648742812500003 0.9083333328125001
0 0.3560111375 0.55 0.396536978125 0.551388890625 0.42669573906249997 0.55 0.461566809375 0.5472222234374999 0.49455295625 0.54444444375 0.5199994140624999 0.5277777765625 0.5162295671875 0.5027777765625 0.47476126875 0.45555555625000005 0.47004896093750004 0.45 0.3918246703125 0.45694444375 0.370148059375 0.47083333281249995 0.3503563703125 0.49444444374999996 0.3484714484375 0.5375 0.3560111375 0.55
0 0.2947511515625 0.3847222234375 0.29003884375 0.41527777656250003 0.29286622812499996 0.4347222234375 0.3286797609375 0.44444444375 0.36355082968749997 0.44305555625000004 0.396536978125 0.436111109375 0.42386835468750006 0.41944444374999995 0.425753278125 0.375 0.3921427078125 0.37253624375 0.3842849796875 0.3708333328125 0.35224129375 0.3708333328125 0.3277372984375 0.375 0.2947511515625 0.3847222234375
0 0.325852375 0.3125 0.3013483796875 0.32083333281250004 0.29946345625 0.34722222343750003 0.32396745312499997 0.351388890625 0.37486036718750004 0.348611109375 0.3937095921875 0.348611109375 0.396536978125 0.325 0.3550686765625 0.3152777765625 0.34752898593750003 0.3083333328125 0.325852375 0.3125
0 0.4172711265625 0.3458333328125 0.40313420625 0.3583333328125 0.41444374218749996 0.376388890625 0.431408046875 0.4 0.47476126875 0.4027777765625 0.5162295671875 0.39444444375 0.5265966421875 0.3708333328125 0.49249681875 0.3458333328125 0.46439419531250004 0.34305555625 0.43706281406249997 0.34305555625 0.4172711265625 0.3458333328125
0 0.6151880109375 0.3347222234375 0.6114181656250001 0.3541666671875 0.62744000625 0.3625 0.63874954375 0.3722222234375 0.6585412328125 0.363888890625 0.6783329203124999 0.35972222343750004 0.6783329203124999 0.34027777656249997 0.640634465625 0.33194444375 0.6359221609375 0.3347222234375 0.62838246875 0.3347222234375 0.6151880109375 0.3347222234375
0 0.6010510906250001 0.36944444375 0.584086784375 0.3708333328125 0.5624101734375 0.3847222234375 0.5708923265625 0.401388890625 0.591626478125 0.4027777765625 0.6170729328125 0.4027777765625 0.64346185 0.3958333328125 0.6470971203125 0.373611109375 0.6396920046875 0.3722222234375 0.620842778125 0.36944444375 0.6010510906250001 0.36944444375
0 0.5793744796875 0.40833333281249995 0.5624101734375 0.41527777656250003 0.5605252515625 0.43194444374999996 0.5756046328125 0.44722222343749995 0.6123606265625 0.4458333328125 0.6330947765625 0.448611109375 0.6528864640625 0.4402777765625 0.64346185 0.41527777656250003 0.6321523140624999 0.411111109375 0.6038784749999999 0.40833333281249995 0.5793744796875 0.40833333281249995
0 0.5265966421875 0.32777777656249996 0.5134021828125 0.33194444375 0.50492003125 0.34444444375 0.51528710625 0.35 0.5350787968749999 0.3527777765625 0.553928021875 0.3541666671875 0.558640328125 0.338888890625 0.5435609484375 0.32083333281250004 0.541676025 0.326388890625 0.5265966421875 0.32777777656249996
0 0.44837235 0.3125 0.43706281406249997 0.3125 0.42386835468750006 0.326388890625 0.43329296875 0.33194444375 0.4408326609375 0.3375 0.45496958125000003 0.3375 0.4691065 0.32777777656249996 0.4519613734375 0.3166666671875 0.44837235 0.3125
0 0.37391790468749997 0.3027777765625 0.37486036718750004 0.32083333281250004 0.3880548234375 0.31944444375000003 0.40219174375 0.31944444375000003 0.41915604999999995 0.31805555625 0.4380052765625 0.3125 0.445544965625 0.301388890625 0.42933693906250003 0.2875 0.42292589375 0.29305555625 0.3908822078125 0.2958333328125 0.3767452875 0.2958333328125 0.37391790468749997 0.3027777765625
0 0.41161635781249994 0.276388890625 0.40878897500000005 0.2916666671875 0.42198343281249995 0.29444444375 0.4380052765625 0.2916666671875 0.45968188750000005 0.2902777765625 0.48041603593750004 0.2875 0.47853111562499995 0.26805555625 0.4568545015625 0.261111109375 0.44460250625000003 0.26527777656249996 0.42669573906249997 0.26944444375 0.41161635781249994 0.276388890625
0 0.375802828125 0.22777777656249998 0.36355082968749997 0.236111109375 0.3616659078125 0.25 0.375802828125 0.25 0.3918246703125 0.248611109375 0.40878897500000005 0.24583333281250003 0.41915604999999995 0.236111109375 0.40199908124999995 0.223611109375 0.40407666718749996 0.22777777656249998 0.375802828125 0.22777777656249998
0 0.34187421875 0.23333333281250002 0.32469892968749997 0.23333333281250002 0.3220825296875 0.23333333281250002 0.319255146875 0.2416666671875 0.32396745312499997 0.24444444375000002 0.3324496046875 0.24583333281250003 0.34187421875 0.23333333281250002