0 0.5859375 0.4796875 0.3921875 0.3078125
0 0.84765625 0.80703125 0.3046875 0.2140625
0 0.17265625 0.51484375 0.25 0.1234375
0 0.1703125 0.63359375 0.25 0.1328125
0 0.20625 0.81015625 0.2171875 0.253125
0 0.30625 0.378125 0.2625 0.1234375
0 0.33515625 0.275 0.1546875 0.05625
0 0.62109375 0.16484375 0.1734375 0.0703125
0 0.425 0.1953125 0.175 0.0765625
0 0.2609375 0.15859375 0.1375 0.090625
0 0.3421875 0.0953125 0.1046875 0.05
0 0.4515625 0.0703125 0.1171875 0.040625
0 0.5609375 0.0953125 0.1171875 0.04375
0 0.73984375 0.11328125 0.0859375 0.034375
0 0.70859375 0.06328125 0.0625 0.0203125
0 0.6890625 0.0234375 0.0578125 0.0203125
0 0.6203125 0.03984375 0.0609375 0.0265625
0 0.896875 0.04140625 0.0703125 0.0296875
0 0.1265625 0.14609375 0.05625 0.025
0 0.2078125 0.07734375 0.0546875 0.0296875
0 0.8538956000000001 0.9041666671874999 0.9028423296874999 0.9041666671874999 0.944499121875 0.9013888906249999 0.978865975 0.8833333328125 0.9965701093750001 0.8722222234375 0.99865295 0.7333333328125 0.9747002953124999 0.7166666671875 0.9330435046875 0.701388890625 0.8507713406249999 0.7 0.7560021406249999 0.713888890625 0.7195524453125001 0.73194444375 0.713303928125 0.7902777765625 0.718511028125 0.8527777765625 0.751836459375 0.8888888906249999 0.8028660296875 0.9013888906249999 0.8538956000000001 0.9041666671874999
0 0.4175407046875 0.4916666671875 0.409209346875 0.5833333328125 0.471694534375 0.6125 0.6070791078125 0.6222222234375 0.6903926921875 0.5847222234375 0.7403808421875 0.55 0.7664163375 0.4916666671875 0.7101796671875 0.3958333328125 0.5300140453125 0.3527777765625 0.4727359546875 0.3847222234375 0.4175407046875 0.4916666671875
0 0.326937184375 0.32777777656249996 0.25612063749999997 0.3416666671875 0.2300851421875 0.3791666671875 0.275907615625 0.4347222234375 0.339434221875 0.45 0.4373276828125 0.44722222343749995 0.42566731718749995 0.348611109375 0.326937184375 0.32777777656249996
0 0.058250878125 0.488888890625 0.0478366796875 0.5166666671875 0.08324495312499999 0.5708333328124999 0.115528965625 0.5708333328124999 0.175931315625 0.5583333328125 0.21446384687500003 0.548611109375 0.266534834375 0.5305555562500001 0.2300851421875 0.4722222234375 0.2061324875 0.476388890625 0.1613514375 0.46805555625000006 0.058250878125 0.488888890625
0 0.118653225 0.701388890625 0.1571857578125 0.69305555625 0.188428353125 0.688888890625 0.21862952500000002 0.6847222234375 0.2498721203125 0.6791666671875001 0.2748661953125 0.65 0.28111471250000003 0.6125 0.2381673171875 0.56805555625 0.19571829062499999 0.58055555625 0.150937240625 0.5902777765625 0.0874106328125 0.598611109375 0.0447124203125 0.61944444375 0.0478366796875 0.675 0.053043778124999996 0.688888890625 0.079079271875 0.70694444375 0.118653225 0.701388890625
0 0.11136328749999999 0.723611109375 0.10199050937500001 0.7625 0.1426058796875 0.863888890625 0.19363545 0.9361111093750001 0.264451996875 0.88055555625 0.288404653125 0.8333333328125001 0.29881885 0.776388890625 0.317333984375 0.7222222234375 0.3029845296875 0.711111109375 0.2404993421875 0.7180555562500001 0.11136328749999999 0.723611109375
0 0.400877990625 0.17638889062500002 0.359221196875 0.1875 0.348807 0.2208333328125 0.364428296875 0.23194444375 0.409209346875 0.23055555625 0.459197496875 0.22777777656249998 0.5029371296875 0.175 0.40900065 0.175 0.400877990625 0.17638889062500002
0 0.551883859375 0.1458333328125 0.5404282421875 0.19444444375 0.5539666999999999 0.20833333281250002 0.589374971875 0.2166666671875 0.6279075046875 0.213888890625 0.671647134375 0.18055555625 0.668522878125 0.14444444375 0.613327628125 0.1402777765625 0.551883859375 0.1458333328125
0 0.5102270671875 0.1027777765625 0.514392746875 0.11111110937499999 0.534179721875 0.11805555625 0.546676759375 0.11805555625 0.5695879953125 0.11805555625 0.588333553125 0.10833333281249999 0.606037690625 0.09444444375 0.5850423171875 0.0791666671875 0.5737536750000001 0.08055555625000001 0.5373039828125 0.08055555625000001 0.514392746875 0.09305555625 0.5102270671875 0.1027777765625
0 0.7028897296875 0.11805555625 0.714345346875 0.126388890625 0.731008065625 0.1277777765625 0.764333496875 0.1277777765625 0.780996215625 0.1208333328125 0.7799547953125 0.1027777765625 0.7612092374999999 0.09861110937499999 0.7174696078125 0.1027777765625 0.7028897296875 0.11805555625
0 0.8861796125 0.0472222234375 0.8913867124999999 0.05 0.909090846875 0.0472222234375 0.9226293046875 0.0472222234375 0.934084921875 0.0472222234375 0.9403334421875 0.0347222234375 0.923670725 0.027777776562500002 0.892333984375 0.026388890625 0.8861796125 0.0472222234375
0 0.704833984375 0.0527777765625 0.688309853125 0.06111110937499999 0.6924755328125001 0.0777777765625 0.69872405 0.0791666671875 0.7174696078125 0.0791666671875 0.7362151625 0.07638889062500001 0.7362151625 0.05694444375 0.704833984375 0.0527777765625
0 0.7195524453125001 0.0208333328125 0.692333984375 0.013888890625 0.6674814578125 0.025 0.670605715625 0.0347222234375 0.678937075 0.0375 0.6997654703125 0.0347222234375 0.7195524453125001 0.0208333328125
0 0.59874775 0.030555556249999997 0.5852092921875001 0.0402777765625 0.5924992328124999 0.05694444375 0.613327628125 0.05694444375 0.626866084375 0.055555556250000006 0.6372802828124999 0.054166667187499996 0.6497773203125 0.04444444375 0.626708984375 0.0333333328125 0.613327628125 0.030555556249999997 0.59874775 0.030555556249999997
0 0.39983657031250003 0.0958333328125 0.409209346875 0.0972222234375 0.4321205828125 0.0972222234375 0.45190755937500005 0.0972222234375 0.4727359546875 0.0958333328125 0.49773002968749996 0.0875 0.49460577031249997 0.05694444375 0.44025065 0.0527777765625 0.4300377421875 0.051388890625 0.40816792812499997 0.0597222234375 0.3946294703125 0.07083333281250001 0.3946294703125 0.0847222234375 0.39983657031250003 0.0958333328125
0 0.313398728125 0.1166666671875 0.3311028625 0.1166666671875 0.348807 0.1166666671875 0.3665111375 0.1152777765625 0.3800495921875 0.10694444375 0.384215271875 0.09861110937499999 0.376925334375 0.07638889062500001 0.34337565 0.0777777765625 0.326937184375 0.07083333281250001 0.29569459062500003 0.0777777765625 0.29361175 0.1041666671875 0.29569459062500003 0.1125 0.313398728125 0.1166666671875
0 0.20717390781249997 0.0625 0.1800969921875 0.0777777765625 0.17801415468749998 0.08888889062500001 0.19051119218749998 0.0916666671875 0.2050910671875 0.0916666671875 0.233209403125 0.08888889062500001 0.23529224218749997 0.06805555625000001 0.20717390781249997 0.0625
0 0.1561443375 0.1347222234375 0.121777484375 0.1375 0.0978248296875 0.1375 0.1061561875 0.148611109375 0.134274521875 0.15555555625 0.1571857578125 0.148611109375 0.1561443375 0.1347222234375
0 0.27694903437499996 0.1972222234375 0.3175644046875 0.188888890625 0.32277150468750004 0.1652777765625 0.31235730781250004 0.1652777765625 0.28423897187499997 0.1583333328125 0.2821561328125 0.15 0.289446071875 0.1347222234375 0.26837564999999997 0.11805555625 0.22904372187500002 0.126388890625 0.1853040921875 0.1347222234375 0.18322125312499998 0.15 0.19155260937500002 0.1625 0.204049646875 0.16944444375 0.22904372187500002 0.175 0.2311265625 0.1847222234375 0.239457921875 0.1916666671875 0.27694903437499996 0.1972222234375
0 0.288404653125 0.30416666718749996 0.30923304687500003 0.3083333328125 0.3425584796875 0.311111109375 0.379008175 0.2916666671875 0.40191940937500004 0.28194444375 0.39983657031250003 0.2597222234375 0.383173853125 0.2541666671875 0.3256673171875 0.251388890625 0.2998602703125 0.25555555625 0.26549341718749997 0.25833333281250004 0.264451996875 0.2791666671875 0.2727833546875 0.298611109375 0.288404653125 0.30416666718749996