0 0.48359375 0.36640625 0.0890625 0.034375
0 0.5125 0.3296875 0.0609375 0.0328125
0 0.56953125 0.303125 0.053125 0.0203125
0 0.528125 0.45703125 0.0859375 0.0265625
0 0.46953125 0.50859375 0.1671875 0.0625
0 0.3671875 0.65 0.321875 0.146875
0 0.5203125 0.84296875 0.1171875 0.0796875
0 0.3140625 0.93203125 0.1640625 0.1296875
0 0.46530742500000005 0.8736111093750001 0.48845008593749994 0.8833333328125 0.5210602015625 0.8847222234375 0.556826134375 0.88055555625 0.5757610375 0.86944444375 0.5799687953125 0.8416666671874999 0.5578780734375 0.8125 0.5219282671875 0.8138888906249999 0.509488871875 0.8166666671874999 0.48213845156249996 0.823611109375 0.45373609375 0.8416666671874999 0.46530742500000005 0.8736111093750001
0 0.2380885609375 0.9930555562500001 0.3832561671875 0.9875 0.387463925 0.95 0.387463925 0.8888888906249999 0.34538635625 0.8819444437499999 0.3253995125 0.8819444437499999 0.32727338437500003 0.88055555625 0.28121806562499996 0.8833333328125 0.24755601249999998 0.8833333328125 0.2401924390625 0.9583333328125001 0.2380885609375 0.9930555562500001
0 0.291737459375 0.711111109375 0.3253995125 0.7125 0.4127104640625 0.7180555562500001 0.46320354531249996 0.7083333328125 0.4989694765625 0.6958333328124999 0.5252679578125 0.6583333328125 0.5031772343750001 0.6319444437499999 0.4924669875 0.5930555562500001 0.4610996671875 0.5902777765625 0.40639883125000004 0.6097222234374999 0.35274993125 0.625 0.3106723640625 0.6 0.2770103109375 0.611111109375 0.231776925 0.6333333328124999 0.2107381421875 0.6666666671875 0.2212575328125 0.698611109375 0.2675428578125 0.7125 0.291737459375 0.711111109375
0 0.4610996671875 0.55 0.5073849921875 0.54305555625 0.5442028640625 0.525 0.5610338890625 0.49583333281249997 0.5357873484375 0.48194444374999995 0.49686560156250004 0.48194444374999995 0.48739814687500005 0.48333333281249996 0.45373609375 0.5 0.4085027078125 0.488888890625 0.387463925 0.501388890625 0.3832561671875 0.536111109375 0.386411984375 0.548611109375 0.4211259765625 0.5527777765625 0.4610996671875 0.55
0 0.5631377671875 0.475 0.5550196546875 0.44552425625 0.5200082625 0.438888890625 0.48845008593749994 0.4402777765625 0.4737229375 0.4652777765625 0.48424233125000005 0.47777777656250003 0.528423775 0.48194444374999995 0.5526183765625 0.48194444374999995 0.5631377671875 0.475
0 0.4358531265625 0.3652777765625 0.43900894375000005 0.388888890625 0.450580275 0.398611109375 0.4684632421875 0.4027777765625 0.48845008593749994 0.3972222234375 0.5189563234375 0.386111109375 0.5347354109375 0.373611109375 0.511592746875 0.3625 0.489502025 0.35555555625 0.450580275 0.35555555625 0.4358531265625 0.3652777765625
0 0.5682245625 0.29722222343750004 0.5620858281250001 0.29722222343750004 0.5442028640625 0.311111109375 0.556826134375 0.3152777765625 0.5768129765625 0.3152777765625 0.5883843078125001 0.313888890625 0.5978517625 0.298611109375 0.5682245625 0.29722222343750004
0 0.5073849921875 0.3152777765625 0.49265784375 0.31944444375000003 0.4905539640625 0.3458333328125 0.50843693125 0.3458333328125 0.5326315328125 0.3458333328125 0.545254803125 0.34027777656249997 0.542098984375 0.31805555625 0.5073849921875 0.3152777765625