0 0.209375 0.41484375 0.0984375 0.0765625
0 0.68359375 0.578125 0.3671875 0.34375
0 0.37421875 0.6 0.0703125 0.040625
0 0.27890625 0.80859375 0.0671875 0.05
0 0.325 0.86328125 0.0390625 0.034375
0 0.52890625 0.2734375 0.03125 0.0265625
0 0.7877455859375 0.7041666671875 0.8246100015625 0.6777777765625 0.8319828875 0.673611109375 0.8577879796874999 0.6791666671875001 0.8697689140625 0.5069444437499999 0.8587095890625 0.4847222234375 0.8577070656249999 0.44444444375 0.8504150953125 0.42777777656250005 0.8264532234375 0.43194444374999996 0.7831375328125 0.41944444374999995 0.75088116875 0.423611109375 0.7223112453125 0.45694444375 0.5776184078125 0.46666666718750005 0.5140272859375 0.488888890625 0.501124740625 0.5555555562500001 0.50204635 0.6347222234375 0.5214001703125 0.7027777765625001 0.5840696796875 0.7333333328125 0.677152334375 0.7347222234374999 0.7877455859375 0.7041666671875
0 0.5343027171875 0.26527777656249996 0.5203176859374999 0.2666666671875 0.517713728125 0.276388890625 0.5186353390625 0.28472222343750003 0.528773053125 0.286111109375 0.5343027171875 0.2791666671875 0.5343027171875 0.26527777656249996
0 0.20344456875 0.4402777765625 0.22095516875 0.4375 0.235700934375 0.42777777656250005 0.2458386484375 0.40833333281249995 0.241230596875 0.3958333328125 0.22095516875 0.39444444375 0.1979149078125 0.388888890625 0.1847719625 0.40555555625000006 0.182247528125 0.41944444374999995 0.1693449828125 0.44305555625000004 0.1850123609375 0.44305555625000004 0.20344456875 0.4402777765625
0 0.34352935625000003 0.611111109375 0.3536670703125 0.6180555562500001 0.3748641109375 0.6180555562500001 0.3942179296875 0.6083333328125 0.39145309687499996 0.598611109375 0.38408021406250004 0.5875 0.3647263953125 0.588888890625 0.34885750937500004 0.598611109375 0.34352935625000003 0.611111109375
0 0.2633492484375 0.8041666671875 0.25321153281250003 0.8125 0.249525090625 0.8277777765625001 0.26519246875 0.8277777765625001 0.29191917031250003 0.8291666671875 0.29468400156249996 0.8152777765625 0.28178145625 0.788888890625 0.2677365640625 0.79444444375 0.2633492484375 0.8041666671875
0 0.33247003125 0.8513888906249999 0.3184371546875 0.8513888906249999 0.3186458734375 0.85694444375 0.31495943125000003 0.8708333328125001 0.32141070625 0.8736111093750001 0.3333916421875 0.8680555562500001 0.33247003125 0.8513888906249999