0 0.359375 0.81171875 0.259375 0.203125
0 0.346875 0.49140625 0.2078125 0.090625
0 0.24609375 0.38828125 0.18125 0.05
0 0.23359375 0.31328125 0.1234375 0.0390625
0 0.31015625 0.28359375 0.10625 0.0328125
0 0.35625 0.25703125 0.0953125 0.0265625
0 0.28984375 0.21640625 0.065625 0.0265625
0 0.56171875 0.41015625 0.1234375 0.046875
0 0.55703125 0.36640625 0.0875 0.0390625
0 0.46328125 0.31484375 0.0734375 0.0296875
0 0.61328125 0.3265625 0.090625 0.0328125
0 0.665625 0.36796875 0.0625 0.0296875
0 0.925 0.753125 0.1234375 0.1
0 0.974637440625 0.7791666671875 0.974637440625 0.7458333328125 0.9325253828125 0.7208333328125 0.8915514890624999 0.7180555562500001 0.87334086875 0.7222222234375 0.87334086875 0.748611109375 0.8811937890625 0.7527777765625 0.902933125 0.79305555625 0.9359398750000001 0.801388890625 0.965532128125 0.788888890625 0.974637440625 0.7791666671875
0 0.33840392656249996 0.9041666671874999 0.3850686390625 0.8958333328125001 0.4305951859375 0.886111109375 0.4408386609375 0.8777777765625 0.45677295156250003 0.8652777765625 0.451082134375 0.83194444375 0.4362860046875 0.76805555625 0.3657198546875 0.7458333328125 0.34295658125 0.74444444375 0.2997063609375 0.7583333328124999 0.24279817499999998 0.7777777765625 0.2393836828125 0.798611109375 0.228002046875 0.823611109375 0.230278375 0.8819444437499999 0.26897594062499997 0.9027777765625 0.286048396875 0.9069444437499999 0.33840392656249996 0.9041666671874999
0 0.2462126671875 0.5166666671875 0.270114103125 0.5291666671875 0.3236077984375 0.5347222234375 0.36685801875 0.5375 0.43173335 0.5305555562500001 0.4408386609375 0.5027777765625 0.4260425328125 0.463888890625 0.381421475 0.45694444375 0.371410675 0.4458333328125 0.3247459625 0.45555555625000005 0.2632851203125 0.463888890625 0.2393836828125 0.46805555625000006 0.2462126671875 0.5166666671875
0 0.1642648796875 0.38194444375000003 0.1597122234375 0.4027777765625 0.22458755468749997 0.41805555625 0.26442328437499996 0.41527777656250003 0.300844525 0.411111109375 0.33043678125 0.40694444374999994 0.32816045312500003 0.376388890625 0.29262366093750003 0.3708333328125 0.287186559375 0.36805555624999997 0.2052387734375 0.36666666718749996 0.1642648796875 0.38194444375000003
0 0.575141978125 0.3916666671875 0.56717483125 0.39305555625 0.5022995 0.3958333328125 0.48750337187500004 0.4222222234375 0.5421352296874999 0.43333333281249997 0.611563215625 0.43194444374999996 0.6172540359375 0.40833333281249995 0.575141978125 0.3916666671875
0 0.5853854515625 0.348611109375 0.575141978125 0.3541666671875 0.5409970656249999 0.3541666671875 0.504575828125 0.35972222343750004 0.51937195625 0.3847222234375 0.5740038140625 0.3847222234375 0.6001815796875001 0.376388890625 0.5853854515625 0.348611109375
0 0.6582279296875 0.351388890625 0.6434318 0.35694444375 0.6366028171875 0.373611109375 0.6559516015625 0.388888890625 0.682129365625 0.38194444375000003 0.6900965109375 0.3708333328125 0.6878201859375 0.3583333328125 0.6684714015625 0.351388890625 0.6582279296875 0.351388890625
0 0.6331883281249999 0.3166666671875 0.6092868874999999 0.31805555625 0.56717483125 0.31944444375000003 0.570589321875 0.336111109375 0.594490759375 0.34444444375 0.6411554734375 0.34444444375 0.6627805812500001 0.3347222234375 0.645708128125 0.31805555625 0.6331883281249999 0.3166666671875
0 0.5227864484375 0.2875 0.5444115578125001 0.286111109375 0.552186503125 0.263888890625 0.5421352296874999 0.25833333281250004 0.5182337921875 0.263888890625 0.5227864484375 0.2875
0 0.50685215625 0.32777777656249996 0.48522704375 0.30694444375 0.48750337187500004 0.29722222343750004 0.4431149859375 0.30555555624999997 0.42945702187499996 0.323611109375 0.446529478125 0.336111109375 0.50685215625 0.32777777656249996
0 0.16654120781249998 0.40416666718750005 0.19499529843750002 0.4027777765625 0.2200349015625 0.4027777765625 0.2712522671875 0.4097222234375 0.294015540625 0.4097222234375 0.33271310625 0.4 0.3315749453125 0.375 0.281495740625 0.3652777765625 0.25417981093750003 0.36805555624999997 0.2029624453125 0.36805555624999997 0.15515956875 0.3777777765625 0.16654120781249998 0.40416666718750005
0 0.2120677546875 0.3 0.1813373328125 0.3083333328125 0.1688175328125 0.3222222234375 0.182475496875 0.326388890625 0.22458755468749997 0.3333333328125 0.270114103125 0.33194444375 0.300844525 0.32083333281250004 0.2678377765625 0.29722222343750004 0.2655614484375 0.3 0.24848899531250002 0.3 0.2120677546875 0.3
0 0.31791698125 0.2666666671875 0.2928773765625 0.26805555625 0.2587324671875 0.2791666671875 0.270114103125 0.301388890625 0.30198268906250003 0.3 0.34978556250000004 0.2958333328125 0.3532000546875 0.275 0.31880763437500004 0.26805555625 0.31791698125 0.2666666671875
0 0.386206803125 0.25 0.358890875 0.25 0.325884125 0.251388890625 0.3065353421875 0.2625 0.322469634375 0.26944444375 0.35433821875 0.26944444375 0.3953121125 0.2625 0.39189762031250003 0.24305555625 0.386206803125 0.25
0 0.29856819687499997 0.20972222343750002 0.286048396875 0.211111109375 0.25417981093750003 0.21944444375 0.26442328437499996 0.22777777656249998 0.28377206875 0.22777777656249998 0.3076735046875 0.22222222343750003 0.313364325 0.213888890625 0.29856819687499997 0.20972222343750002
0 0.19613346250000002 0.22222222343750003 0.20410060937500002 0.22222222343750003 0.216620409375 0.21805555625 0.2188967375 0.211111109375 0.20068611718749998 0.20555555625 0.19613346250000002 0.22222222343750003
0 0.35433821875 0.3291666671875 0.2974300328125 0.3347222234375 0.2906010515625 0.35 0.339542090625 0.3722222234375 0.364581690625 0.3777777765625 0.42376620468750004 0.373611109375 0.43173335 0.35694444375 0.404190146875 0.33055555625 0.3998647671875 0.33055555625 0.35433821875 0.3291666671875
0 0.3654834078125 0.3 0.3679961828125 0.2958333328125 0.3372657625 0.301388890625 0.3315749453125 0.3097222234375 0.34295658125 0.31805555625 0.37254883906249997 0.325 0.3850686390625 0.3166666671875 0.3654834078125 0.3
0 0.5125429734375 0.2402777765625 0.48522704375 0.223611109375 0.47384540781249995 0.22777777656249998 0.4647400984375 0.23333333281250002 0.46815459062500003 0.24583333281250003 0.4920560265625 0.25 0.5125429734375 0.2402777765625
0 0.4078319125 0.21527777656249997 0.41352273281249996 0.20277777656249998 0.386206803125 0.201388890625 0.3793778203125 0.20277777656249998 0.3827923109375 0.21527777656249997 0.4078319125 0.21527777656249997