0 0.79453125 0.48046875 0.059375 0.053125
0 0.6203125 0.35390625 0.25 0.0734375
0 0.1234375 0.628125 0.2375 0.2890625
0 0.05078125 0.89140625 0.1015625 0.2109375
0 0.55859375 0.8453125 0.371875 0.2671875
0 0.7578125 0.690625 0.078125 0.0734375
0 0.52421875 0.5375 0.1296875 0.08125
0 0.3859375 0.6234375 0.0609375 0.040625
0 0.3375 0.415625 0.0609375 0.04375
0 0.70234375 0.446875 0.1125 0.0671875
0 0.71796875 0.52421875 0.046875 0.034375
0 0.8359375 0.6125 0.05625 0.05625
0 0.79921875 0.77734375 0.0609375 0.0609375
0 0.3828125 0.31953125 0.1703125 0.04375