0 0.65703125 0.46015625 0.0859375 0.040625
0 0.66640625 0.41875 0.0609375 0.028125
0 0.6796875 0.62109375 0.0671875 0.0328125
0 0.71640625 0.72109375 0.09375 0.0421875
0 0.56328125 0.7984375 0.2140625 0.1375
0 0.13359375 0.66015625 0.053125 0.05
0 0.3546875 0.69140625 0.0578125 0.053125
0 0.471875 0.41875 0.05 0.0234375
0 0.23359375 0.38359375 0.146875 0.0375
0 0.08828125 0.43515625 0.04375 0.025
0 0.13828125 0.4609375 0.04375 0.0234375
0 0.04140625 0.53984375 0.0765625 0.025
0 0.05703125 0.5109375 0.0609375 0.0171875
0 0.325 0.5765625 0.0625 0.028125
0 0.2703125 0.6203125 0.0390625 0.025
0 0.38828125 0.9390625 0.1171875 0.1171875
0 0.6996199234375 0.702777778125 0.6866600328125 0.7069444453125 0.668145903125 0.727777778125 0.6792543828125 0.7333333328125 0.708876990625 0.7402777781250001 0.7366481828125 0.7402777781250001 0.758865140625 0.726388890625 0.7437789359375 0.701388890625 0.6996199234375 0.702777778125
0 0.495964496875 0.8333333328125001 0.5422498234375001 0.8625 0.5940893859374999 0.863888890625 0.6255634062500001 0.863888890625 0.64592895 0.834722221875 0.6625916671875001 0.8180555546875 0.640374709375 0.784722221875 0.5752604171875 0.7555555546875 0.49226167343749994 0.738888890625 0.4570848265625 0.763888890625 0.460787653125 0.790277778125 0.495964496875 0.8333333328125001
0 0.412508496875 1 0.41079950312499997 0.9833333328125 0.40709667656250004 0.9555555546875001 0.41635374062499997 0.934722221875 0.43116504375 0.9236111093750001 0.44377893593750006 0.9055555546875 0.418205153125 0.8916666671875 0.3534057 0.877777778125 0.3348915703125 0.9083333328125001 0.3348915703125 0.9388888906249999 0.32563450625 0.9680555546875 0.3293373296875 0.9958333328125001 0.39182250625 1 0.412508496875 1
0 0.37562265625 0.701388890625 0.388582546875 0.6819444453125 0.3848797203125 0.673611109375 0.3552571140625 0.6680555546875 0.33674298281250004 0.686111109375 0.33304015625 0.7041666671875 0.3552571140625 0.713888890625 0.37562265625 0.701388890625
0 0.16085875 0.6694444453124999 0.15489004687500002 0.6444444453125 0.1275333171875 0.6333333328124999 0.12012766718750001 0.6541666671875 0.12197907968749999 0.690277778125 0.1423446234375 0.686111109375 0.16085875 0.6694444453124999
0 0.2571322265625 0.6416666671875 0.2793491796875 0.636111109375 0.2849034203125 0.6166666671875001 0.2571322265625 0.6180555546875001 0.25528081406249997 0.626388890625 0.2571322265625 0.6416666671875
0 0.33674298281250004 0.577777778125 0.31600115624999997 0.5583333328125 0.297863309375 0.577777778125 0.2997147234375 0.5958333328125 0.316377440625 0.5958333328125 0.3348915703125 0.5875 0.33674298281250004 0.577777778125
0 0.710728403125 0.6125 0.6863715265625 0.6055555546875 0.660740253125 0.6125 0.640374709375 0.6291666671875 0.6551860140625 0.6319444453124999 0.697768509375 0.6291666671875 0.710728403125 0.6125
0 0.63296905625 0.44444444531249994 0.608900690625 0.45555555468750003 0.6126035171875001 0.473611109375 0.640374709375 0.477777778125 0.6774029703125 0.475 0.6996199234375 0.4625 0.68110579375 0.45 0.63296905625 0.44444444531249994
0 0.6218605796875 0.522222221875 0.63111764375 0.5166666671875 0.608900690625 0.498611109375 0.5940893859374999 0.5041666671875 0.60334645 0.522222221875 0.6218605796875 0.522222221875
0 0.667853009375 0.40833333281249995 0.6440775359375001 0.415277778125 0.6274148203125 0.41805555468750005 0.63296905625 0.438888890625 0.6699973171875 0.438888890625 0.697768509375 0.434722221875 0.70332275 0.4166666671875 0.667853009375 0.40833333281249995
0 0.495964496875 0.413888890625 0.45893624062500005 0.411111109375 0.44597634687500004 0.4166666671875 0.4570848265625 0.427777778125 0.47189612968750005 0.434722221875 0.495964496875 0.43333333281249997 0.495964496875 0.413888890625
0 0.1923327734375 0.411111109375 0.23121244375 0.40694444531249996 0.246023746875 0.40416666718750005 0.2645378765625 0.398611109375 0.2849034203125 0.3944444453125 0.310823203125 0.3875 0.297863309375 0.372222221875 0.254890046875 0.3708333328125 0.2293610296875 0.361111109375 0.19788700937499998 0.36666666718749996 0.16456157656249998 0.375 0.14419603281249999 0.386111109375 0.14419603281249999 0.40416666718750005 0.16456157656249998 0.40833333281249995 0.1923327734375 0.411111109375
0 0.10716777656250001 0.4625 0.10716777656250001 0.47222222187499996 0.1293847296875 0.473611109375 0.140493209375 0.473611109375 0.1553045140625 0.46666666718750005 0.1571559265625 0.461111109375 0.147898859375 0.45277777812500003 0.12155671406249999 0.45416666718750004 0.10716777656250001 0.4625
0 0.10716777656250001 0.4458333328125 0.116424840625 0.4291666671875 0.0793965796875 0.423611109375 0.0645852765625 0.44166666718750003 0.0849508203125 0.448611109375 0.10716777656250001 0.4458333328125
0 0.08124799375 0.5083333328124999 0.056741896874999996 0.49583333281249997 0.025705606250000002 0.497222221875 0.020151367187499998 0.5097222218749999 0.047922559375 0.523611109375 0.07569375625 0.5208333328125 0.08124799375 0.5083333328124999
0 0.0701395171875 0.5319444453125 0.034519676562500004 0.523611109375 0.0034886500000000003 0.5319444453125 0.0034886500000000003 0.5569444453125 0.0442197328125 0.5569444453125 0.068288103125 0.55 0.0701395171875 0.5319444453125