0 0.5171875 0.146875 0.090625 0.046875
0 0.45625 0.046875 0.1421875 0.0671875
0 0.1546875 0.26640625 0.303125 0.5328125
0 0.6046875 0.46015625 0.6953125 0.346875
0 0.70234375 0.83203125 0.2953125 0.3296875
0 0.9453125 0.80703125 0.1046875 0.0796875
0 0.56015625 0.21796875 0.0703125 0.0640625
0 0.64765625 0.25859375 0.090625 0.0578125
0 0.07890625 0.58984375 0.153125 0.1
0 0.43420342187500005 0.601388890625 0.49877145 0.5930555562500001 0.5602152171875 0.5694444437499999 0.6351974421875 0.5319444437499999 0.6903926921875 0.5097222234375 0.745587940625 0.4722222234375 0.783079053125 0.45972222343749997 0.8058756499999999 0.3625 0.7966175093750001 0.3527777765625 0.773706275 0.3333333328125 0.7487122 0.31805555625 0.6914341125 0.30694444375 0.6414459625 0.30694444375 0.5779193546875 0.325 0.5071028078125 0.34027777656249997 0.433162003125 0.36805555624999997 0.376925334375 0.39027777656249996 0.3363099625 0.40694444374999994 0.300901690625 0.43333333281249997 0.2863218125 0.48194444374999995 0.283197553125 0.523611109375 0.2904874921875 0.5652777765625 0.329020025 0.588888890625 0.3560969375 0.601388890625 0.43420342187500005 0.601388890625
0 0.6195761453124999 0.99444444375 0.8361914625000001 0.9930555562500001 0.8372328828125 0.9875 0.838274303125 0.9597222234375 0.8361914625000001 0.8902777765625001 0.8299429453125 0.8083333328125001 0.820570165625 0.75 0.7725423171875 0.6944444437499999 0.7226767046875 0.6805555562500001 0.668522878125 0.686111109375 0.620617565625 0.7333333328125 0.589374971875 0.801388890625 0.563339478125 0.8652777765625 0.5904163921875 0.9402777765625 0.6195761453124999 0.99444444375
0 0.928877825 0.773611109375 0.9028423296874999 0.79444444375 0.9028423296874999 0.8291666671875 0.913256528125 0.8527777765625 0.9538719 0.8541666671874999 0.9851144921874999 0.8444444437499999 0.994487271875 0.8055555562500001 0.9580375796875 0.775 0.928877825 0.773611109375
0 0.0061798875 0.6319444437499999 0.0363810625 0.6347222234375 0.08324495312499999 0.6347222234375 0.1196946453125 0.6277777765625 0.123860325 0.6083333328125 0.128026003125 0.56805555625 0.088452053125 0.56805555625 0.033256803125 0.5472222234374999 0.005138467187500001 0.5527777765625 0.000972790625 0.6166666671875001 0.0061798875 0.6319444437499999
0 0 0.3455487734375 0.007221307812499999 0.40694444374999994 0.039505321875 0.411111109375 0.055126617187500004 0.3972222234375 0.06658223437500001 0.3791666671875 0.0926177296875 0.34722222343750003 0.11136328749999999 0.32083333281250004 0.138440203125 0.325 0.200925390625 0.31944444375000003 0.2602863171875 0.2958333328125 0.270700515625 0.263888890625 0.2696590953125 0.2166666671875 0.27694903437499996 0.188888890625 0.283197553125 0.1541666671875 0.273824775 0.1347222234375 0.250913540625 0.11944444375 0.2675762546875 0.1 0.2975423171875 0.038888890625 0.2904874921875 0.006944443749999999 0 0.002778759375 0 0.3455487734375
0 0.4154578671875 0.075 0.445659040625 0.0777777765625 0.49460577031249997 0.07083333281250001 0.513351328125 0.06111110937499999 0.514392746875 0.029166667187500002 0.4873158328125 0.025 0.4539904 0.019444443750000002 0.4175407046875 0.023611109375 0.3977537296875 0.026388890625 0.3915052125 0.04305555625 0.39879515 0.06805555625000001 0.4154578671875 0.075
0 0.48835725312499995 0.13194444375 0.4727359546875 0.1416666671875 0.471694534375 0.16805555625 0.4925229328125 0.16805555625 0.5320968828125 0.16805555625 0.550842440625 0.1541666671875 0.5477181796874999 0.13333333281249998 0.5248069453124999 0.123611109375 0.48835725312499995 0.13194444375
0 0.526889784375 0.20277777656249998 0.5237655250000001 0.23333333281250002 0.526889784375 0.24583333281250003 0.559173796875 0.25 0.578960775 0.23888889062500002 0.5852092921875001 0.21805555625 0.5820850328125 0.20416666718749998 0.5662923171875 0.186111109375 0.5445939203125 0.1902777765625 0.526889784375 0.20277777656249998
0 0.6102033671875 0.22777777656249998 0.6070791078125 0.25833333281250004 0.618534728125 0.28055555625 0.6351974421875 0.28194444375 0.6674814578125 0.2902777765625 0.688309853125 0.28055555625 0.688309853125 0.2541666671875 0.6529015796875 0.2375 0.631031765625 0.22777777656249998 0.6102033671875 0.22777777656249998