0 0.05546875 0.63359375 0.08125 0.046875
0 0.2171875 0.6046875 0.1609375 0.096875
0 0.396875 0.56015625 0.0859375 0.0875
0 0.4953125 0.5453125 0.1171875 0.1171875
0 0.5078125 0.4453125 0.0453125 0.04375
0 0.65 0.46796875 0.09375 0.04375
0 0.61015625 0.7 0.375 0.153125
0 0.5082847609375001 0.7166666671875 0.5457290671874999 0.7208333328125 0.593314540625 0.7152777765625 0.6190575015625 0.70555555625 0.628418578125 0.6902777765625 0.636219475 0.663888890625 0.6299787578125 0.6458333328125 0.611142809375 0.6416666671875 0.6042357984375 0.6402777765625001 0.595654809375 0.6402777765625001 0.5823932843749999 0.6375 0.567571578125 0.6319444437499999 0.551969784375 0.6277777765625 0.5465091578125 0.6333333328124999 0.5480693359375 0.6458333328125 0.5441688874999999 0.6458333328125 0.5355879 0.6416666671875 0.527787003125 0.6333333328124999 0.5137453875 0.626388890625 0.5004838640625 0.63055555625 0.490342696875 0.63055555625 0.484101978125 0.6416666671875 0.47864135 0.636111109375 0.46694000312500006 0.6319444437499999 0.46381964375000007 0.6527777765625 0.45679883749999994 0.6583333328125 0.456018746875 0.6805555562500001 0.46303955625000004 0.698611109375 0.4880024265625 0.7041666671875 0.5082847609375001 0.7166666671875
0 0.5410485281249999 0.60694444375 0.5472892468749999 0.588888890625 0.5457290671874999 0.55694444375 0.5270069140625 0.551388890625 0.5051644 0.538888890625 0.4856621578125 0.5333333328125 0.4809816203125 0.5277777765625 0.46303955625000004 0.49305555625 0.4396368640625 0.501388890625 0.43729659375 0.5222222234375 0.4388567734375 0.5402777765625 0.4443174 0.563888890625 0.4544585671875 0.5777777765625001 0.47552099062500003 0.5916666671875 0.502044040625 0.60555555625 0.527787003125 0.60694444375 0.5410485281249999 0.60694444375
0 0.4848820671875 0.436111109375 0.486442246875 0.4625 0.4926829640625 0.4652777765625 0.5043843109374999 0.4652777765625 0.5160856578125 0.45694444375 0.525446734375 0.44722222343749995 0.5192060171875 0.436111109375 0.5026846328125 0.43055555625 0.4848820671875 0.436111109375
0 0.697066475 0.46944444374999994 0.69472620625 0.45555555625000005 0.6853651296875001 0.448611109375 0.6697633359374999 0.448611109375 0.65338145 0.4458333328125 0.632319028125 0.4458333328125 0.6212863796875 0.45 0.6081362453125 0.463888890625 0.60267561875 0.4791666671875 0.617497321875 0.4847222234375 0.633099115625 0.4847222234375 0.6604022578125 0.4875 0.6845850390625 0.4875 0.697066475 0.46944444374999994
0 0.2914198140625 0.5930555562500001 0.2882994546875 0.5694444437499999 0.2648967640625 0.563888890625 0.2422741609375 0.5583333328125 0.221991828125 0.5625 0.20639003437499998 0.5694444437499999 0.202489584375 0.573611109375 0.189228059375 0.5847222234375 0.17128599375 0.5958333328125 0.1572443796875 0.60555555625 0.14242267656250002 0.6152777765625 0.1338416875 0.625 0.1385222265625 0.6555555562500001 0.1689457265625 0.6569444437499999 0.19702895625 0.648611109375 0.2118506609375 0.638888890625 0.23291308437499997 0.625 0.254755596875 0.625 0.2773781984375 0.6291666671875 0.2890795453125 0.626388890625 0.289859634375 0.611111109375 0.2914198140625 0.5930555562500001
0 0.37176905625 0.598611109375 0.39205138906250003 0.6027777765625 0.40687309374999997 0.6027777765625 0.42871560625000005 0.598611109375 0.43261605625 0.5777777765625001 0.43261605625 0.5527777765625 0.42169480000000004 0.5319444437499999 0.39205138906250003 0.5222222234375 0.3787898640625 0.525 0.36396815937500004 0.5333333328125 0.35928762187499996 0.55694444375 0.3608478 0.586111109375 0.37176905625 0.598611109375
0 0.0230689453125 0.6333333328124999 0.024629124999999998 0.65 0.0378906515625 0.6541666671875 0.058172982812499996 0.6555555562500001 0.0807955859375 0.651388890625 0.0901566625 0.636111109375 0.08391594531249999 0.6222222234375 0.0594886265625 0.6208333328125 0.049591996875 0.61944444375 0.0378906515625 0.6180555562500001 0.0230689453125 0.6333333328124999