0 0.7328125 0.60859375 0.20625 0.1171875
0 0.5046875 0.7046875 0.1625 0.1171875
0 0.63828125 0.871875 0.1390625 0.1578125
0 0.26484375 0.96640625 0.1125 0.0609375
0 0.821875 0.5015625 0.0796875 0.0578125
0 0.9125 0.475 0.0875 0.05
0 0.63671875 0.446875 0.13125 0.053125
0 0.7484375 0.4453125 0.078125 0.0375
0 0.7625 0.4015625 0.0453125 0.0296875
0 0.24375 0.503125 0.0890625 0.034375
0 0.0359375 0.5296875 0.06875 0.0734375
0 0.24453125 0.35859375 0.0578125 0.0421875
0 0.8078125 0.28984375 0.071875 0.0671875
0 0.64609375 0.33828125 0.0515625 0.04375
0 0.73515625 0.29921875 0.0578125 0.0859375
0 0.5546875 0.309375 0.0609375 0.04375
0 0.259375 0.43671875 0.1578125 0.09375
0 0.64850149375 0.95694444375 0.662159459375 0.9597222234375 0.6884998203125 0.9527777765625001 0.7060600578125 0.9402777765625 0.7021577828125001 0.9013888906249999 0.6972799390625 0.8819444437499999 0.6894753890625 0.8472222234375 0.6670373015625 0.8055555562500001 0.6504526328125 0.801388890625 0.624112271875 0.801388890625 0.5997230484375 0.8041666671875 0.585089515625 0.8138888906249999 0.5685048453125 0.8263888906249999 0.5597247265624999 0.85555555625 0.578260534375 0.8777777765625 0.5909429296875001 0.8972222234375 0.6016741875 0.9125 0.617283290625 0.9305555562500001 0.6377702359375 0.93194444375 0.64850149375 0.95694444375
0 0.2875410046875 0.9513888906249999 0.2553472296875 0.9458333328125 0.22705573281250002 0.9513888906249999 0.20266651093750002 0.9638888906249999 0.1890085453125 0.988888890625 0.18510626875 0.9986111093750001 0.31290579687500003 0.9861111093750001 0.29729669375 0.9597222234375 0.2875410046875 0.9513888906249999
0 0.47485023125000003 0.7666666671875 0.49826388593750004 0.7569444437499999 0.532408796875 0.7472222234375 0.5538713109375 0.7347222234374999 0.578260534375 0.7152777765625 0.581187240625 0.68194444375 0.570455984375 0.6597222234375 0.5410232484375 0.661111109375 0.48850819687499997 0.6555555562500001 0.4699723859375 0.661111109375 0.43680304375 0.6722222234374999 0.4143649609375 0.6902777765625 0.403633703125 0.7291666671875 0.41143825312500004 0.7527777765625 0.42412064843749997 0.7666666671875 0.44850987187499997 0.7708333328125 0.47485023125000003 0.7666666671875
0 0.6738662859375 0.551388890625 0.6514282015624999 0.5527777765625 0.632892390625 0.5541666671875001 0.624112271875 0.58194444375 0.618258859375 0.611111109375 0.64655035625 0.64305555625 0.6678772687500001 0.6402777765625001 0.7050844890625 0.6652777765625 0.751911796875 0.676388890625 0.792885690625 0.676388890625 0.8192260515625 0.6652777765625 0.836786290625 0.64305555625 0.836786290625 0.6180555562500001 0.8250794640624999 0.5916666671875 0.8055680859375001 0.5791666671875 0.7733743109375 0.5708333328124999 0.7411805390625 0.563888890625 0.707035628125 0.55694444375 0.6738662859375 0.551388890625
0 0.56460256875 0.5666666671875 0.549969034375 0.5902777765625 0.55582245 0.6125 0.5743582578125 0.6208333328125 0.59484520625 0.611111109375 0.6065520328125 0.5916666671875 0.6016741875 0.561111109375 0.579236103125 0.5472222234374999 0.56460256875 0.5666666671875
0 0.5821628109375 0.473611109375 0.5987474796875001 0.4847222234375 0.6211855640625 0.4847222234375 0.6436236484375 0.473611109375 0.664110596875 0.4625 0.6855731125 0.45555555625000005 0.700206646875 0.4375 0.6894753890625 0.43055555625 0.6748418546875 0.42083333281249996 0.6445992171875 0.42777777656250005 0.6114298765624999 0.438888890625 0.580211671875 0.44722222343749995 0.5724071187499999 0.45972222343749997 0.5821628109375 0.473611109375
0 0.7216691609375 0.4625 0.7402049703125 0.4652777765625 0.7587407796875001 0.4625 0.7733743109375 0.45416666718750004 0.7821544328125001 0.44166666718750003 0.7723987453125 0.43055555625 0.761667484375 0.43055555625 0.7420380796875 0.43194444374999996 0.73240041875 0.4375 0.7138646093750001 0.438888890625 0.709962334375 0.4458333328125 0.7109379046875001 0.4583333328125 0.7216691609375 0.4625
0 0.7831300015625 0.49444444374999996 0.7831300015625 0.513888890625 0.7958123984375 0.526388890625 0.8172749140625 0.5305555562500001 0.8358107218749999 0.5305555562500001 0.8611755125 0.5222222234375 0.8504442546875 0.50555555625 0.8259568953124999 0.4916666671875 0.8094703609374999 0.4847222234375 0.7909345531249999 0.48055555625 0.7831300015625 0.49444444374999996
0 0.9011738390625 0.45555555625000005 0.881662459375 0.4625 0.8758090468749999 0.46666666718750005 0.8719067703125001 0.48055555625 0.8758090468749999 0.4972222234375 0.891418146875 0.5027777765625 0.9080028203125 0.49583333281249997 0.9538545578125 0.49583333281249997 0.9528789890624999 0.46666666718750005 0.9421477312500001 0.45416666718750004 0.921660784375 0.451388890625 0.9011738390625 0.45555555625000005
0 0.7811788640625 0.2666666671875 0.7792277265625 0.28194444375 0.77532545 0.29305555625 0.798739103125 0.29444444375 0.8133726375 0.29305555625 0.837761859375 0.286111109375 0.8337632953125 0.2666666671875 0.8075192250000001 0.26527777656249996 0.792885690625 0.26527777656249996 0.7811788640625 0.2666666671875
0 0.7655697609375001 0.30555555624999997 0.7645941921875 0.31944444375000003 0.77434988125 0.325 0.8123970671875 0.3222222234375 0.8231283250000001 0.31805555625 0.8338595828124999 0.3097222234375 0.8348351515625 0.2958333328125 0.8123970671875 0.288888890625 0.7958123984375 0.3027777765625 0.7870322765625 0.30694444375 0.77630101875 0.30694444375 0.7655697609375001 0.30555555624999997
0 0.7041089203124999 0.32777777656249996 0.7050844890625 0.3375 0.7265470046875 0.3416666671875 0.7372782640625 0.3458333328125 0.7597163484375 0.3458333328125 0.7675209 0.3416666671875 0.764481484375 0.3222222234375 0.7499606578125 0.313888890625 0.7392293999999999 0.3097222234375 0.73142485 0.3083333328125 0.7197180234375 0.3125 0.7109379046875001 0.3125 0.7050844890625 0.3125 0.7041089203124999 0.32777777656249996
0 0.7225220765625 0.28055555625 0.7353271265625 0.286111109375 0.7392293999999999 0.288888890625 0.7577652109375 0.28472222343750003 0.7509362265624999 0.273611109375 0.73142485 0.2708333328125 0.708986765625 0.2722222234375 0.7225220765625 0.28055555625
0 0.5255798125 0.29722222343750004 0.5285065203125 0.31805555625 0.55679801875 0.325 0.5733826890625 0.32777777656249996 0.5889917921875 0.32777777656249996 0.586065084375 0.3125 0.5693214515625 0.301388890625 0.5372866390625 0.29722222343750004 0.5255798125 0.29722222343750004
0 0.6270389796875 0.33055555625 0.624112271875 0.3375 0.6299656859375 0.351388890625 0.6426480812500001 0.35694444375 0.6660617359375001 0.3541666671875 0.669964009375 0.3527777765625 0.6581192671875 0.3347222234375 0.6397213749999999 0.326388890625 0.6270389796875 0.33055555625
0 0.2787608828125 0.4402777765625 0.291443278125 0.44166666718750003 0.3080279515625 0.4402777765625 0.31680807031249997 0.43194444374999996 0.319734778125 0.41805555625 0.3158325015625 0.413888890625 0.29924783125 0.4027777765625 0.26705405625 0.41527777656250003 0.2787608828125 0.4402777765625
0 0.17437501093750002 0.45694444375 0.17437501093750002 0.4722222234375 0.190959684375 0.476388890625 0.2192511796875 0.46944444374999994 0.229982440625 0.45972222343749997 0.2407136984375 0.4458333328125 0.22779139843750001 0.436111109375 0.192910821875 0.4402777765625 0.1821795640625 0.45 0.17437501093750002 0.45694444375
0 0.2114466296875 0.4972222234375 0.207544353125 0.5083333328124999 0.2104710609375 0.51805555625 0.25144495624999996 0.513888890625 0.2719319015625 0.511111109375 0.28071202031250003 0.5083333328124999 0.2736540046875 0.49444444374999996 0.244615971875 0.49027777656250005 0.22022675 0.49583333281249997 0.2114466296875 0.4972222234375
0 0.00169931875 0.513888890625 0.0124305765625 0.5694444437499999 0.031941953125 0.55694444375 0.05828231406249999 0.55694444375 0.069013571875 0.51805555625 0.059257882812499996 0.5083333328124999 0.028039679687500003 0.5125 0.00169931875 0.513888890625
0 0.7665453296875 0.39027777656249996 0.751911796875 0.401388890625 0.7441072453124999 0.40833333281249995 0.7509362265624999 0.41944444374999995 0.761667484375 0.42083333281249996 0.77630101875 0.413888890625 0.7772765875000001 0.398611109375 0.7665453296875 0.39027777656249996