0 0.4953125 0.46015625 0.334375 0.3734375
0 0.3640625 0.35859375 0.125 0.13125
0 0.43984375 0.06328125 0.084375 0.0546875
0 0.87578125 0.05546875 0.0875 0.0296875
0 0.7625 0.1140625 0.096875 0.1
0 0.5796875 0.23828125 0.046875 0.034375
0 0.5219674484375 0.559722221875 0.5525157625 0.5638888890625 0.588618315625 0.5708333328124999 0.603892471875 0.5625 0.6205551890625001 0.522222221875 0.6302751062499999 0.48472222187499997 0.6455492640625 0.4625 0.6522786453125 0.42222222187499997 0.6733204578125 0.3125 0.6483263828125 0.2875 0.5955611140625 0.275 0.566401359375 0.2736111109375 0.5358530453125 0.27777777812500004 0.488642015625 0.302777778125 0.4594822609375 0.334722221875 0.4442081046875 0.3638888890625 0.438653865625 0.40555555625000006 0.43726530625000004 0.427777778125 0.4206025890625 0.4513888890625 0.4219911484375 0.4791666671875 0.4233797078125 0.5138888890625 0.403939871875 0.55 0.38033435625 0.5722222218749999 0.3581174015625 0.5875 0.33034620625 0.6138888890625 0.3206262890625 0.647222221875 0.35256316249999997 0.6555555562500001 0.36089452031249997 0.6791666671875001 0.3692258796875 0.6958333328124999 0.39977419375 0.6944444437499999 0.4025513125 0.684722221875 0.4067169921875 0.6625 0.4219911484375 0.6375 0.44976234374999996 0.6152777781250001 0.49141913437499996 0.56805555625 0.5219674484375 0.559722221875
0 0.3345118859375 0.434722221875 0.376168678125 0.440277778125 0.40116275312500005 0.415277778125 0.4206025890625 0.36666666718749996 0.42893394687499997 0.3291666671875 0.42893394687499997 0.302777778125 0.3953342015625 0.290277778125 0.376168678125 0.3111111109375 0.3581174015625 0.34444444375 0.33728900624999997 0.365277778125 0.3109063703125 0.3583333328125 0.291466534375 0.39444444375 0.29840933281250004 0.42222222187499997 0.3345118859375 0.434722221875
0 0.45531658124999996 0.04444444375 0.40810555156249995 0.05 0.39560851406249997 0.07638888906249999 0.40810555156249995 0.090277778125 0.440042425 0.09305555625 0.46781361875 0.09305555625 0.488642015625 0.07083333281250001 0.45531658124999996 0.04444444375
0 0.56338975625 0.2236111109375 0.5455729640625 0.2513888890625 0.576121278125 0.25833333281250004 0.590006875 0.25555555625 0.603892471875 0.24305555625 0.6025039125 0.22638888906250001 0.5941725546875001 0.215277778125 0.56338975625 0.2236111109375
0 0.813564990625 0.058333332812500006 0.7663539593750001 0.058333332812500006 0.738582765625 0.08333333281250001 0.71497725 0.11388888906250001 0.7108115703125 0.16388888906250001 0.7524683624999999 0.15277777812499999 0.7788509968749999 0.12222222187500001 0.8022786453125 0.09305555625 0.8205077890625001 0.0888888890625 0.86771881875 0.08194444375 0.901044253125 0.0666666671875 0.9288154484375 0.0416666671875 0.89965569375 0.0375 0.853833221875 0.0375 0.838559065625 0.054166667187499996 0.813564990625 0.058333332812500006