0 0.4390625 0.18359375 0.2375 0.140625
0 0.77265625 0.0515625 0.18125 0.0765625
0 0.76640625 0.18203125 0.2390625 0.14375
0 0.56953125 0.3484375 0.175 0.1375
0 0.34765625 0.4734375 0.2015625 0.134375
0 0.18984375 0.81484375 0.3046875 0.284375
0 0.65078125 0.653125 0.3828125 0.3
0 0.24140625 0.13828125 0.1484375 0.0828125
0 0.08984375 0.2296875 0.1765625 0.1140625
0 0.31953125 0.0296875 0.1640625 0.059375
0 0.48313425 0.5541666671875001 0.47297405625 0.64444444375 0.5034546359375 0.711111109375 0.57301288125 0.7652777765625001 0.6503866578124999 0.7875 0.716818690625 0.7708333328125 0.7871584890625 0.7458333328125 0.805134215625 0.7027777765625001 0.8215468343750001 0.6277777765625 0.7726468515625 0.539710003125 0.700406071875 0.525 0.57301288125 0.5277777765625 0.48313425 0.5541666671875001
0 0.49642065625000004 0.3027777765625 0.48313425 0.336111109375 0.497202209375 0.38333333281250004 0.520648809375 0.40694444374999994 0.5573818140625 0.41944444374999995 0.6191245265624999 0.43055555625 0.6542944265624999 0.38055555625 0.62682975625 0.286111109375 0.6167798671875 0.2875 0.6011488015625 0.2958333328125 0.5581633671875 0.29722222343750004 0.49642065625000004 0.3027777765625
0 0.71447403125 0.13055555624999998 0.6636730656250001 0.16805555625 0.6824303453125 0.23055555625 0.7394837375 0.261111109375 0.8035711093750001 0.2527777765625 0.8801633343749999 0.201388890625 0.884852653125 0.1458333328125 0.7848138296875 0.13611110937499998 0.75589635625 0.13055555624999998 0.71447403125 0.13055555624999998
0 0.756677909375 0.023611109375 0.7082216046875 0.0208333328125 0.68477500625 0.048611109375 0.6918089843749999 0.09305555625 0.781687615625 0.09861110937499999 0.8309254749999999 0.08888889062500001 0.8574982875 0.0472222234375 0.8176390687499999 0.01805555625 0.791847809375 0.023611109375 0.756677909375 0.023611109375
0 0.37840610468749997 0.14305555625 0.32682358749999996 0.1902777765625 0.3127556265625 0.2541666671875 0.3830954265625 0.263888890625 0.469066290625 0.24722222343750003 0.526901234375 0.21527777656249997 0.5519109421875 0.1625 0.5128332765625 0.126388890625 0.4792264828125 0.113888890625 0.4268624109375 0.13333333281249998 0.37840610468749997 0.14305555625
0 0.28149349375 0.43194444374999996 0.2416342765625 0.488888890625 0.25179446875 0.5402777765625 0.3182264984375 0.5555555562500001 0.3862216375 0.5458333328125 0.4276439640625 0.5125 0.4393672640625 0.44305555625000004 0.3627750390625 0.411111109375 0.3510517390625 0.41805555625 0.28149349375 0.43194444374999996
0 0.2986876671875 0.9375 0.3182264984375 0.8791666671874999 0.332294459375 0.7958333328125 0.3276051390625 0.7291666671875 0.2955614546875 0.6916666671875 0.2260032078125 0.68194444375 0.18514745625 0.6708333328125 0.04859060625 0.701388890625 0.0188915796875 0.7777777765625 0.0235809 0.8708333328125001 0.05406147812499999 0.91805555625 0.0806342921875 0.95694444375 0.152537196875 0.9611111093750001 0.2478867015625 0.9666666671874999 0.2986876671875 0.9375
0 0.007168279687499999 0.213888890625 0.0032605140625 0.2708333328125 0.021236240625 0.2902777765625 0.09470225156249999 0.28194444375 0.1439401109375 0.2666666671875 0.17363913749999998 0.2375 0.162697390625 0.186111109375 0.0717953609375 0.188888890625 0.0524983734375 0.201388890625 0.007168279687499999 0.213888890625
0 0.189270203125 0.1847222234375 0.21584301562500002 0.1847222234375 0.2619546609375 0.1833333328125 0.3119740734375 0.14305555625 0.30572164687500003 0.10694444375 0.2744595140625 0.0972222234375 0.2330371875 0.10833333281249999 0.189270203125 0.1097222234375 0.18223622343749998 0.1125 0.168949815625 0.15694444375 0.189270203125 0.1847222234375
0 0.2682070875 0.063888890625 0.3510517390625 0.0597222234375 0.382313871875 0.048611109375 0.3901294046875 0.023611109375 0.385440084375 0.0041666671875 0.265862428125 0.0097222234375 0.26019436093750004 0.0083333328125 0.2330371875 0.0347222234375 0.23772650781250002 0.063888890625 0.2682070875 0.063888890625