0 0.55078125 0.7265625 0.1546875 0.09375
0 0.47578125 0.84296875 0.0984375 0.0859375
0 0.30546875 0.86484375 0.0984375 0.1109375
0 0.37578125 0.578125 0.1015625 0.0578125
0 0.6296875 0.49140625 0.0515625 0.0296875
0 0.490987025 0.7666666671875 0.517713728125 0.776388890625 0.550891703125 0.775 0.5822264578125 0.7666666671875 0.6061883296875 0.7652777765625001 0.618169265625 0.7569444437499999 0.6218557078125 0.7208333328125 0.5978938359375 0.698611109375 0.5296946640625 0.6958333328124999 0.5084976234374999 0.698611109375 0.48730058437499996 0.713888890625 0.47624125937499995 0.7430555562500001 0.490987025 0.7666666671875
0 0.42923912656249996 0.8458333328125001 0.43108234687499997 0.88055555625 0.44398489375 0.8847222234375 0.47347642656250005 0.8875 0.50481118125 0.8875 0.517713728125 0.85555555625 0.5094192343749999 0.8263888906249999 0.4743980375 0.8111111093750001 0.4449065046875 0.81805555625 0.42923912656249996 0.8458333328125001
0 0.2615060265625 0.9097222234375 0.2790166234375 0.9166666671874999 0.305743328125 0.91805555625 0.3297051984375 0.9152777765625 0.3481374078125 0.8916666671875 0.3573535109375 0.85694444375 0.347215796875 0.81805555625 0.3121946 0.80694444375 0.26427085781250004 0.8430555562500001 0.2568979734375 0.8777777765625 0.2615060265625 0.9097222234375
0 0.3792778625 0.5555555562500001 0.3315484203125 0.58055555625 0.33247003125 0.6180555562500001 0.36841283593749996 0.61944444375 0.41080691874999997 0.611111109375 0.42186624375 0.5875 0.41633657968750004 0.55 0.3792778625 0.5555555562500001
0 0.6541120734375 0.488888890625 0.6401554421875 0.4722222234375 0.6200124875 0.4847222234375 0.6061883296875 0.501388890625 0.607109940625 0.513888890625 0.651347240625 0.5083333328124999 0.6541120734375 0.488888890625
0 0.4467497234375 0.43194444374999996 0.46057388125000004 0.438888890625 0.490065415625 0.438888890625 0.51587050625 0.42777777656250005 0.51587050625 0.388888890625 0.48914380468749996 0.38055555625 0.46610354374999996 0.38055555625 0.45412260781249997 0.39305555625 0.4467497234375 0.43194444374999996
0 0.640287915625 0.3583333328125 0.6559552937500001 0.348611109375 0.640287915625 0.33055555625 0.6246205375 0.34722222343750003 0.6310718125 0.35555555625 0.640287915625 0.3583333328125
0 0.7370570109375 0.8041666671875 0.7296841281249999 0.7819444437499999 0.710330309375 0.7777777765625 0.696506153125 0.7819444437499999 0.6845252171875 0.773611109375 0.6642497875 0.7652777765625001 0.6421311375000001 0.7819444437499999 0.6467391874999999 0.8222222234375 0.6688578390625 0.8277777765625001 0.6836036062499999 0.83055555625 0.7130951421875 0.8208333328125 0.7306057390625 0.8111111093750001 0.7370570109375 0.8041666671875