0 0.6421875 0.8109375 0.259375 0.203125
0 0.65234375 0.4921875 0.2078125 0.090625
0 0.75390625 0.38828125 0.18125 0.0515625
0 0.76796875 0.31328125 0.1234375 0.0390625
0 0.690625 0.28359375 0.10625 0.0328125
0 0.64453125 0.25859375 0.096875 0.0265625
0 0.7109375 0.2171875 0.0671875 0.0265625
0 0.4390625 0.41015625 0.1234375 0.046875
0 0.44296875 0.365625 0.0875 0.0390625
0 0.53671875 0.315625 0.0734375 0.0296875
0 0.38671875 0.3265625 0.090625 0.0328125
0 0.334375 0.36875 0.0625 0.0296875
0 0.07578125 0.75390625 0.121875 0.1