0 0.6546875 0.69140625 0.1546875 0.0703125
0 0.4140625 0.59140625 0.228125 0.096875
0 0.2609375 0.8765625 0.1828125 0.1
0 0.69375 0.9703125 0.2078125 0.053125
0 0.15390625 0.69140625 0.0984375 0.0375
0 0.6174933078125 0.68194444375 0.583126453125 0.711111109375 0.595623490625 0.7222222234375 0.6320731828125 0.7222222234375 0.6778956546875 0.7152777765625 0.7112210875 0.6902777765625 0.683102753125 0.673611109375 0.62150065 0.6805555562500001 0.6174933078125 0.68194444375
0 0.5102270671875 0.576388890625 0.50397855 0.5652777765625 0.48210873281250005 0.5652777765625 0.468570275 0.5527777765625 0.439410521875 0.561111109375 0.40191940937500004 0.5694444437499999 0.39879515 0.576388890625 0.3175644046875 0.5972222234375 0.29569459062500003 0.6041666671875 0.314440146875 0.6375 0.389422371875 0.6402777765625001 0.43420342187500005 0.6375 0.483150153125 0.6222222234375 0.5237655250000001 0.60694444375 0.5102270671875 0.576388890625
0 0.1353159421875 0.7125 0.1821798328125 0.7125 0.19884255 0.69305555625 0.1593304796875 0.679632590625 0.1321916828125 0.6902777765625 0.115528965625 0.7 0.1353159421875 0.7125
0 0.2696590953125 0.9277777765625 0.300901690625 0.9208333328125 0.3175644046875 0.9111111093750001 0.33214428281249997 0.9041666671874999 0.3373513828125 0.886111109375 0.2904874921875 0.8458333328125001 0.2696590953125 0.8472222234375 0.2123810078125 0.8458333328125001 0.18322125312499998 0.85555555625 0.19155260937500002 0.89305555625 0.1800969921875 0.9125 0.196759709375 0.9222222234374999 0.22904372187500002 0.9222222234374999 0.2696590953125 0.9277777765625
0 0.7435051031250001 0.9597222234375 0.668522878125 0.9597222234375 0.6279075046875 0.95694444375 0.6029134296875001 0.9736111093750001 0.596664909375 0.9902777765625 0.7768305343749999 0.9902777765625 0.780996215625 0.98194444375 0.7435051031250001 0.9597222234375
0 0.525848365625 0.486111109375 0.509185646875 0.486111109375 0.4904400921875 0.5 0.501895709375 0.5125 0.5185584249999999 0.5166666671875 0.5445939203125 0.5152777765625001 0.559173796875 0.4972222234375 0.5123099078125 0.48055555625 0.525848365625 0.486111109375
0 0.601872009375 0.438888890625 0.5914578125000001 0.425 0.5820850328125 0.43194444374999996 0.5654223171874999 0.4402777765625 0.5675051578125 0.44722222343749995 0.5779193546875 0.4458333328125 0.601872009375 0.438888890625
0 0.5234375 0.50390625 0.0765625 0.046875
0 0.5796875 0.4390625 0.0484375 0.046875