0 0.8828125 0.23359375 0.1421875 0.0796875
0 0.675 0.06640625 0.1296875 0.0875
0 0.22421875 0.04140625 0.103125 0.0640625
0 0.77890625 0.3984375 0.1921875 0.14375
0 0.68046875 0.296875 0.0921875 0.0671875
0 0.36328125 0.48359375 0.425 0.1734375
0 0.551246428125 0.548611109375 0.5795037703125 0.5319444437499999 0.5740346078125 0.4916666671875 0.569476971875 0.45 0.5375735203125 0.44444444375 0.5020239609375 0.40833333281249995 0.48197036249999997 0.4097222234375 0.46738592968750003 0.411111109375 0.4309248421875 0.401388890625 0.36073725 0.4222222234375 0.265026896875 0.41527777656250003 0.1975738859375 0.426388890625 0.1437937828125 0.4347222234375 0.12282865937500001 0.45 0.1437937828125 0.513888890625 0.18298945 0.5583333328125 0.23038886406249998 0.5625 0.309691728125 0.5722222234375 0.42636720625 0.5708333328124999 0.5056700703125 0.5597222234375 0.551246428125 0.548611109375
0 0.7262596453125 0.31944444375000003 0.718967428125 0.286111109375 0.6934446671875001 0.27777777656249997 0.6597181625 0.25 0.63054929375 0.25 0.6123187484375 0.25 0.60958416875 0.301388890625 0.663364271875 0.3291666671875 0.7262596453125 0.31944444375000003
0 0.8693694109375001 0.42083333281249996 0.8620771953125 0.363888890625 0.831085271875 0.338888890625 0.784597384375 0.32777777656249996 0.7709244765625 0.325 0.749047825 0.3416666671875 0.7226135359375 0.35972222343750004 0.717031934375 0.43194444374999996 0.8019164 0.45416666718750004 0.8402005421875 0.4375 0.8693694109375001 0.42083333281249996
0 0.9486722750000001 0.2722222234375 0.94046853125 0.24722222343750003 0.9076535531250001 0.213888890625 0.883953846875 0.201388890625 0.8547849765625 0.19861110937499998 0.8237930531250001 0.201388890625 0.8101201437500001 0.23888889062500002 0.83564290625 0.2625 0.8784846828124999 0.2875 0.9267956234374999 0.2875 0.9486722750000001 0.2722222234375
0 0.62599165625 0.09305555625 0.6360184546875 0.1166666671875 0.6615412171874999 0.126388890625 0.68797550625 0.123611109375 0.7125867375 0.113888890625 0.7308172828124999 0.0972222234375 0.7308172828124999 0.0722222234375 0.68512091875 0.0375 0.6250801296875 0.0527777765625 0.6196109671875 0.0666666671875 0.62599165625 0.09305555625
0 0.1693165453125 0.054166667187499996 0.1802548703125 0.07083333281250001 0.21124679375 0.07083333281250001 0.2349465015625 0.0666666671875 0.24770788124999998 0.0625 0.27687675 0.0333333328125 0.2522655171875 0.0166666671875 0.21124679375 0.0125 0.178431815625 0.0208333328125 0.1693165453125 0.054166667187499996