0 0.65546875 0.54296875 0.10625 0.09375
0 0.63359375 0.44296875 0.078125 0.0671875
0 0.5234375 0.48984375 0.06875 0.053125
0 0.41796875 0.51328125 0.0703125 0.053125
0 0.41171875 0.38203125 0.06875 0.0640625
0 0.28359375 0.38984375 0.0640625 0.0734375
0 0.51875 0.671875 0.15625 0.14375
0 0.48359375 0.84296875 0.10625 0.140625
0 0.0984375 0.125 0.1640625 0.096875
0 0.4921875 0.1953125 0.1109375 0.0578125
0 0.6515625 0.28515625 0.06875 0.04375
0 0.73046875 0.21328125 0.065625 0.053125
0 0.78671875 0.26640625 0.05625 0.053125
0 0.8671875 0.3015625 0.0984375 0.0625
0 0.76640625 0.38359375 0.096875 0.0796875
0 0.65546875 0.33203125 0.0546875 0.04375
0 0.25078125 0.2453125 0.059375 0.04375
0 0.6023475921875 0.53188405625 0.612785865625 0.565217390625 0.6269520953125001 0.582608696875 0.6567757375000001 0.59710145 0.6769066953125 0.5884057968749999 0.693309696875 0.5637681171875 0.6888361515625 0.5246376796875001 0.6507126734375 0.5043478265625 0.6381359609375 0.5043478265625 0.624715321875 0.5101449265625 0.6023475921875 0.53188405625
0 0.4591941171875 0.6391304328125 0.45173820625000005 0.691304346875 0.47559711875 0.7101449265625 0.5471738562499999 0.746376809375 0.5792342703125 0.737681159375 0.585944590625 0.708695653125 0.5814710421875 0.6391304328125 0.5553753578125 0.6057971 0.5389723546875 0.6159420296875 0.5136222609375001 0.6405797093750001 0.5031839859375 0.6333333328124999 0.4591941171875 0.6391304328125
0 0.47037798124999997 0.8043478265624999 0.44129993125 0.8492753640625 0.4539749796875 0.8956521734375 0.4905089375 0.9014492765625001 0.51436785 0.8840579703125 0.529279671875 0.8507246359374999 0.5262973078125001 0.7855072468750001 0.48067762187499996 0.791304346875 0.47037798124999997 0.8043478265624999
0 0.4172873640625 0.4956521734375 0.4017836078125 0.5 0.3868717875 0.534782609375 0.3973100625 0.5478260859375 0.4189322 0.5434782593749999 0.44726466093750006 0.5275362328125001 0.44502788750000005 0.4956521734375 0.4172873640625 0.4956521734375
0 0.50467516875 0.47391304375 0.4927457125 0.49130434687499996 0.4979648484375 0.5130434765625 0.5128766687499999 0.514492753125 0.5382267656249999 0.5101449265625 0.5516474031249999 0.49855072343750007 0.541209128125 0.4782608703125 0.51436785 0.47681159375000004 0.50467516875 0.47391304375
0 0.6254609140625 0.4275362328125 0.611294684375 0.43188405625000004 0.5948916828125 0.44927536406249996 0.6038387734375 0.4753623203125 0.623224140625 0.47681159375000004 0.6552845546875 0.47391304375 0.6649772390625001 0.4478260859375 0.644000765625 0.42028985625 0.6254609140625 0.4275362328125
0 0.7328260203125 0.4159420296875 0.75370256875 0.42173912968750005 0.7835262109375 0.42028985625 0.8058939421875 0.408695653125 0.8081307140625 0.382608696875 0.7976924390625 0.3637681171875 0.7663776171875 0.3608695671875 0.741027521875 0.362318840625 0.72984365625 0.3695652171875 0.7201509749999999 0.3956521734375 0.7328260203125 0.4159420296875
0 0.6649772390625001 0.3130434765625 0.6530477828125 0.32028985625 0.640372734375 0.32318840625 0.6329168234375 0.3420289859375 0.6485742343750001 0.353623190625 0.6649772390625001 0.3579710140625 0.6754155125 0.3391304328125 0.6649772390625001 0.3130434765625
0 0.6329168234375 0.2753623203125 0.623224140625 0.2869565234375 0.6269520953125001 0.30434782656250003 0.6426095078125 0.3101449265625 0.65826691875 0.3101449265625 0.674669921875 0.30434782656250003 0.6851081953125 0.285507246875 0.6769066953125 0.265217390625 0.664231646875 0.27101449375 0.647083053125 0.27101449375 0.6329168234375 0.2753623203125
0 0.717168609375 0.1985507234375 0.705239153125 0.208695653125 0.7015111968750001 0.23188405625000003 0.7141862453125001 0.240579709375 0.734317203125 0.240579709375 0.7514657953125 0.2275362328125 0.75072020625 0.21739130312500002 0.73208043125 0.1942029 0.717168609375 0.1985507234375
0 0.7969468484375 0.253623190625 0.78278061875 0.24782608593750002 0.7663776171875 0.2420289859375 0.7566849328125 0.27391304375000003 0.7701055734375 0.285507246875 0.7954556671875 0.2927536234375 0.8126042609375 0.2840579703125 0.804402759375 0.2507246359375 0.7969468484375 0.253623190625
0 0.8372087640625001 0.2782608703125 0.81707780625 0.288405796875 0.8200601703125001 0.3130434765625 0.8379543546875 0.32608695625 0.87001476875 0.3362318828125 0.887908953125 0.32318840625 0.89387368125 0.2927536234375 0.857339721875 0.265217390625 0.8476470375 0.27681159375000003 0.8372087640625001 0.2782608703125
0 0.4383175671875 0.2130434765625 0.46217647968750003 0.21739130312500002 0.48528980156249996 0.22028985625000003 0.5188413984375 0.22463767968749998 0.5337532171875 0.22463767968749998 0.5479194484375001 0.208695653125 0.5374811734375 0.17681159375 0.5045421921875 0.17826087031249999 0.48156184687500003 0.17681159375 0.4673956171875 0.17971014375 0.44055433906249997 0.191304346875 0.4383175671875 0.2130434765625
0 0.38314383125 0.36666666718749996 0.378670284375 0.40144927656249996 0.394327696875 0.408695653125 0.40849392656249994 0.40724637656249996 0.429370475 0.40144927656249996 0.44055433906249997 0.3869565234375 0.4420455234375 0.36521739062499997 0.39358210625 0.3521739140625 0.38314383125 0.36666666718749996
0 0.2757787234375 0.3695652171875 0.2623580859375 0.37681159375 0.26086690468749996 0.41159420312500006 0.2668316328125 0.42318840625 0.28323463437499996 0.42173912968750005 0.3041111828125 0.41739130312499995 0.3041111828125 0.37101449375 0.2802522703125 0.3695652171875 0.2757787234375 0.3695652171875
0 0.2496830390625 0.22608695625 0.24148153749999998 0.23188405625000003 0.2250785359375 0.2608695671875 0.2370079921875 0.27101449375 0.251174221875 0.27101449375 0.275033134375 0.26376811718750004 0.27279636093750004 0.2391304328125 0.25564776718750004 0.22898550625 0.2496830390625 0.22608695625
0 0.0297336875 0.1014492765625 0.025260140625 0.143478259375 0.0394263703125 0.16521739062500002 0.11696783749999999 0.16521739062500002 0.1438091125 0.1521739140625 0.17661511875 0.1304347828125 0.1684136171875 0.0956521734375 0.1338956109375 0.0840579703125 0.10802074375 0.082608696875 0.072977965625 0.091304346875 0.0297336875 0.1014492765625