0 0.7359375 0.38359375 0.303125 0.19375
0 0.31796875 0.2265625 0.3578125 0.0609375
0 0.30546875 0.171875 0.25 0.0296875
0 0.3890625 0.396875 0.303125 0.09375
0 0.38515625 0.71328125 0.6625 0.346875
0 0.656462771875 0.8083333328125001 0.691091890625 0.70555555625 0.6778513453125 0.6097222234374999 0.6024820875 0.5583333328125 0.48637269375000003 0.5458333328125 0.38350384375 0.5402777765625 0.22869131718750002 0.55694444375 0.162225575 0.56805555625 0.127859475 0.5916666671875 0.0769343 0.675 0.046379195312499996 0.74444444375 0.069804778125 0.8097222234375 0.1573960734375 0.83055555625 0.272486965625 0.8722222234375 0.3285046578125 0.8875 0.446651059375 0.8833333328125 0.5138722859375 0.8722222234375 0.5831305234374999 0.863888890625 0.656462771875 0.8083333328125001
0 0.853033940625 0.4722222234375 0.9396067359375 0.47777777656250003 0.9823838796875 0.4875 0.9976614328125001 0.4916666671875 0.990531909375 0.42083333281249996 0.8774780249999999 0.3652777765625 0.8652559828124999 0.326388890625 0.7959977484375 0.29444444375 0.71451746875 0.28194444375 0.6411852203125 0.3 0.5933155578125 0.3347222234375 0.564797459375 0.3958333328125 0.581093515625 0.45 0.6534072609375 0.46666666718750005 0.7379430484375 0.48333333281249996 0.793960740625 0.48194444374999995 0.853033940625 0.4722222234375
0 0.3590597609375 0.45416666718750004 0.3997999 0.45416666718750004 0.421188471875 0.45416666718750004 0.47109514218750004 0.451388890625 0.50470575625 0.4458333328125 0.5434088874999999 0.44305555625000004 0.5413718796875 0.39305555625 0.49128018124999995 0.363888890625 0.4497065703125 0.35 0.42016996874999996 0.351388890625 0.3753558171875 0.351388890625 0.3285046578125 0.3527777765625 0.281653496875 0.35972222343750004 0.25109839375 0.3722222234375 0.2307283234375 0.4222222234375 0.23785784843750002 0.461111109375 0.3590597609375 0.45416666718750004
0 0.3977628921875 0.20555555625 0.3427637046875 0.20555555625 0.292857034375 0.20555555625 0.2205432890625 0.21944444375 0.16350709531250002 0.23055555625 0.15535906875 0.25555555625 0.1848956671875 0.2666666671875 0.295681159375 0.2625 0.3610967671875 0.25694444375000003 0.4558175890625 0.24444444375000002 0.485354190625 0.226388890625 0.474150653125 0.211111109375 0.441558540625 0.20694444375 0.3977628921875 0.20555555625
0 0.308924840625 0.163888890625 0.3071160828125 0.19305555624999998 0.3386896921875 0.19305555624999998 0.3712818015625 0.19305555624999998 0.4171144578125 0.1916666671875 0.42526248593749993 0.1708333328125 0.3814668359375 0.1597222234375 0.308924840625 0.163888890625
0 0.22665431093750002 0.16944444375 0.2001732203125 0.175 0.202210228125 0.1875 0.21646927656249998 0.1902777765625 0.23480233749999999 0.1916666671875 0.2592464203125 0.188888890625 0.27350546875 0.18194444375000002 0.2671563 0.161111109375 0.24600587499999998 0.16944444375 0.22665431093750002 0.16944444375