0 0.64453125 0.525 0.0703125 0.04375
0 0.878125 0.81796875 0.1546875 0.1765625
0 0.79765625 0.88828125 0.0828125 0.103125
0 0.67109375 0.728125 0.0921875 0.090625
0 0.571875 0.7453125 0.09375 0.0828125
0 0.434375 0.76484375 0.0765625 0.0625
0 0.5140625 0.8765625 0.090625 0.1
0 0.6546875 0.8953125 0.0984375 0.1109375
0 0.5984375 0.971875 0.128125 0.05
0 0.365625 0.9484375 0.128125 0.084375
0 0.54140625 0.5703125 0.04375 0.040625
0 0.57890625 0.54296875 0.0359375 0.0203125
0 0.47265625 0.5203125 0.1546875 0.1328125
0 0.228125 0.70703125 0.325 0.234375
0 0.06640625 0.90703125 0.1296875 0.1796875
0 0.55546875 0.30390625 0.0359375 0.046875
0 0.646875 0.390625 0.05625 0.0484375
0 0.8504643078124999 0.8902777765625001 0.88250799375 0.9083333328125001 0.9114254671875001 0.9097222234375 0.9364351718749999 0.89305555625 0.9458138125 0.85555555625 0.9442507046875 0.80694444375 0.9262356359374999 0.76944444375 0.88563420625 0.7416666671875001 0.842648775 0.7416666671875001 0.8137313015625001 0.7472222234375 0.809823534375 0.788888890625 0.8137313015625001 0.83055555625 0.8348332421875 0.8736111093750001 0.8504643078124999 0.8902777765625001
0 0.75433325 0.85 0.7488623765625 0.88055555625 0.751988590625 0.91805555625 0.76136723125 0.94305555625 0.7809060640625 0.9541666671875 0.80591576875 0.948611109375 0.819983728125 0.9444444437499999 0.8332087421875001 0.9055555562500001 0.7973186828125 0.8416666671874999 0.771527421875 0.8416666671874999 0.75433325 0.85
0 0.608964334375 0.9361111093750001 0.6206876328125001 0.948611109375 0.6441342328124999 0.9597222234375 0.66445461875 0.9638888906249999 0.6753963656249999 0.9597222234375 0.6863381125 0.9527777765625001 0.6988429640625 0.9333333328125001 0.7042218765625 0.8777777765625 0.678522578125 0.8513888906249999 0.6511682125 0.8472222234375 0.630066271875 0.8472222234375 0.6105274406250001 0.8666666671875 0.60818278125 0.89305555625 0.608964334375 0.9361111093750001
0 0.6724791234375 1 0.6690436390625 0.9916666671875 0.6456973390625 0.9611111093750001 0.6175614203124999 0.95 0.576920646875 0.9597222234375 0.548784728125 0.975 0.5276827875000001 0.9986111093750001 0.5272920109375 1 0.6724791234375 1
0 0.429988625 1 0.4313951109375 0.9972222234375 0.41982843125 0.9402777765625 0.39638183125 0.926388890625 0.3760614453125 0.9291666671875 0.347143971875 0.9361111093750001 0.3229158203125 0.9527777765625001 0.2955614546875 0.9902777765625 0.2936075703125 1 0.429988625 1
0 0.47219250312499994 0.85555555625 0.4682847375 0.9055555562500001 0.48235269531249997 0.9277777765625 0.4979837625 0.93194444375 0.520648809375 0.93194444375 0.54331385625 0.9291666671875 0.5698866671875 0.9111111093750001 0.555037153125 0.8430555562500001 0.5198672546875 0.8361111093750001 0.5026730828125 0.8388888906249999 0.47219250312499994 0.85555555625
0 0.544095409375 0.7222222234375 0.5315905546875 0.7375 0.532372109375 0.7722222234375 0.54956628125 0.7875 0.5855177328125001 0.7958333328125 0.6066196734375 0.7805555562500001 0.613653653125 0.75 0.59958569375 0.73055555625 0.582391521875 0.7152777765625 0.544095409375 0.7222222234375
0 0.6769594734375 0.7805555562500001 0.7019691781249999 0.7805555562500001 0.7105662640625 0.7777777765625 0.713692478125 0.761111109375 0.7082216046875 0.726388890625 0.700406071875 0.7208333328125 0.6924957968750001 0.7208333328125 0.6746148125 0.7027777765625001 0.6558575328125 0.69305555625 0.6441342328124999 0.69305555625 0.6331924859375 0.6958333328124999 0.6316293796875 0.7291666671875 0.6339740390624999 0.7583333328124999 0.6542944265624999 0.7708333328125 0.6769594734375 0.7805555562500001
0 0.608964334375 0.5319444437499999 0.6097458875 0.54444444375 0.6183429734375 0.5527777765625 0.630066271875 0.5527777765625 0.64647889375 0.551388890625 0.6613284046875 0.55 0.6746148125 0.5375 0.66758083125 0.511111109375 0.6222507390625001 0.5166666671875 0.6167798671875 0.5222222234375 0.608964334375 0.5319444437499999
0 0.597241034375 0.5375 0.5691051140625001 0.526388890625 0.5667604546875 0.5347222234375 0.5644157937500001 0.5541666671875001 0.576920646875 0.5541666671875001 0.5878623937499999 0.5527777765625 0.597241034375 0.5375
0 0.526901234375 0.55694444375 0.5214303625000001 0.5694444437499999 0.5245565765625 0.5847222234375 0.5315905546875 0.5916666671875 0.544095409375 0.5944444437499999 0.5566002609375 0.5930555562500001 0.559726475 0.576388890625 0.5542556000000001 0.5625 0.548784728125 0.551388890625 0.5417507484375 0.551388890625 0.526901234375 0.55694444375
0 0.4034158109375 0.56805555625 0.39794493750000004 0.576388890625 0.39169251250000003 0.586111109375 0.4002895984375 0.6152777765625 0.41435755781249994 0.6180555562500001 0.4378041578125 0.6027777765625 0.45265367031250003 0.586111109375 0.4706293953125 0.5652777765625 0.5050177421875001 0.5541666671875001 0.5354983203125 0.5416666671875 0.562071134375 0.5152777765625001 0.550347834375 0.4875 0.52611968125 0.48194444374999995 0.5042361890625 0.48333333281249996 0.48704201718749995 0.476388890625 0.47688182343749996 0.46666666718750005 0.46594007656249997 0.463888890625 0.4440565828125 0.4847222234375 0.4417119234375 0.513888890625 0.43311483749999996 0.5305555562500001 0.418265325 0.548611109375 0.4034158109375 0.56805555625
0 0.200993503125 0.8430555562500001 0.3229158203125 0.7708333328125 0.348707078125 0.74444444375 0.371372125 0.7180555562500001 0.387003190625 0.7041666671875 0.38153231875000004 0.6722222234374999 0.3635565921875 0.6416666671875 0.3704195015625 0.6291666671875 0.35027018593750003 0.6375 0.2799303890625 0.6375 0.249449809375 0.6708333328125 0.22522165468750002 0.663888890625 0.20177505624999997 0.625 0.146284771875 0.625 0.076726525 0.6625 0.0790711859375 0.726388890625 0.0837605046875 0.7958333328125 0.1587896234375 0.8347222234375 0.200993503125 0.8430555562500001
0 0.029051790625 1 0.1111148703125 0.9958333328125001 0.11189642343749999 0.8972222234375 0.1447216640625 0.85 0.0728187578125 0.79305555625 0 0.870698753125 0 0.9312566359375 0.0016637921875 1 0.029051790625 1
0 0.625376953125 0.388888890625 0.6214691859375 0.4 0.6324109328125 0.411111109375 0.6449157859375 0.4125 0.6636730656250001 0.40555555625000006 0.6714885984375 0.398611109375 0.6691439375 0.3777777765625 0.6518453921875 0.3708333328125 0.625376953125 0.388888890625
0 0.5691051140625001 0.2875 0.5511293890625 0.286111109375 0.5464400671874999 0.30555555624999997 0.5511293890625 0.3125 0.560508028125 0.3125 0.5714497749999999 0.30555555624999997 0.5691051140625001 0.2875