0 0.59765625 0.61484375 0.715625 0.4578125
0 0.3796875 0.21796875 0.1140625 0.05
0 0.3984375 0.34140625 0.103125 0.05
0 0.16015625 0.31640625 0.115625 0.046875
0 0.5453125 0.13671875 0.0984375 0.05625
0 0.41328125 0.09609375 0.09375 0.05
0 0.82421875 0.22578125 0.3515625 0.1609375
0 0.631031765625 0.4 0.5664637375 0.4 0.4925229328125 0.3722222234375 0.445659040625 0.373611109375 0.36026261718749997 0.39444444375 0.3373513828125 0.4347222234375 0.3363099625 0.448611109375 0.296736009375 0.48333333281249996 0.273824775 0.5152777765625001 0.288404653125 0.5541666671875001 0.251954959375 0.58055555625 0.2196709453125 0.613888890625 0.2425821796875 0.661111109375 0.27694903437499996 0.688888890625 0.32381292500000003 0.725 0.4539904 0.8083333328125001 0.5404282421875 0.8291666671875 0.6112447875 0.8652777765625 0.7351737421875 0.8611111093750001 0.8413985625 0.8472222234375 0.9215878843749999 0.81805555625 0.9705346171875 0.786111109375 0.9955286921875001 0.761111109375 0.964286096875 0.6875 0.9653275171875 0.6152777765625 0.8486885 0.5458333328125 0.8653512171875001 0.4972222234375 0.8549370203125 0.436111109375 0.684144171875 0.40555555625000006 0.631031765625 0.4
0 0.104073346875 0.3375 0.146771559375 0.34722222343750003 0.1925940296875 0.34027777656249997 0.216546684375 0.326388890625 0.216546684375 0.3083333328125 0.200925390625 0.298611109375 0.13504231718749998 0.298611109375 0.1061561875 0.3097222234375 0.104073346875 0.3375
0 0.37171823437499996 0.40694444374999994 0.41649928750000004 0.376388890625 0.433162003125 0.3708333328125 0.4571146578125 0.3583333328125 0.45190755937500005 0.338888890625 0.433162003125 0.32777777656249996 0.41129218749999996 0.3222222234375 0.3800495921875 0.31944444375000003 0.358179778125 0.325 0.333185703125 0.3347222234375 0.3050673671875 0.3291666671875 0.2800732921875 0.3458333328125 0.3113158875 0.3916666671875 0.329020025 0.40555555625000006 0.3477655796875 0.40833333281249995 0.37171823437499996 0.40694444374999994
0 0.6497773203125 0.2166666671875 0.693516953125 0.21805555625 0.7403808421875 0.21944444375 0.8101559671875 0.2416666671875 0.8111973875 0.273611109375 0.8413985625 0.28055555625 0.8913867124999999 0.2833333328125 0.9278364046875 0.29722222343750004 0.944499121875 0.3125 0.994487271875 0.323611109375 0.9955286921875001 0.1722222234375 0.9632446781249999 0.1722222234375 0.907008009375 0.1652777765625 0.826818684375 0.163888890625 0.7612092374999999 0.15694444375 0.7070554078125 0.15694444375 0.6664400374999999 0.15694444375 0.6351974421875 0.1625 0.5924992328124999 0.1583333328125 0.5852092921875001 0.17916666718750002 0.595623490625 0.19583333281249998 0.613327628125 0.20972222343750002 0.6497773203125 0.2166666671875
0 0.534179721875 0.1152777765625 0.528972625 0.1222222234375 0.525848365625 0.1277777765625 0.521682684375 0.1277777765625 0.5060613875 0.126388890625 0.49877145 0.1458333328125 0.5154341671875 0.1472222234375 0.5496256500000001 0.15 0.551883859375 0.1666666671875 0.571670834375 0.163888890625 0.5737536750000001 0.1597222234375 0.5727122546875 0.1375 0.571670834375 0.11944444375 0.5685465749999999 0.113888890625 0.5602152171875 0.113888890625 0.5498010203125 0.113888890625 0.5425110828124999 0.113888890625 0.534179721875 0.1152777765625
0 0.45607323749999995 0.08333333281250001 0.438369103125 0.0777777765625 0.4279549046875 0.073611109375 0.39358805 0.08055555625000001 0.3675525546875 0.0791666671875 0.3665111375 0.09305555625 0.384215271875 0.0916666671875 0.41004231718749995 0.0972222234375 0.420664965625 0.1166666671875 0.42483064531250003 0.125 0.4487833 0.123611109375 0.4550318203125 0.1125 0.459197496875 0.0902777765625 0.45607323749999995 0.08333333281250001
0 0.339434221875 0.251388890625 0.3540141 0.251388890625 0.384215271875 0.248611109375 0.40400225 0.24583333281250003 0.4196235453125 0.23888889062500002 0.4279549046875 0.225 0.42899632499999996 0.20555555625 0.41212565 0.1972222234375 0.3821324328125 0.19444444375 0.364428296875 0.1972222234375 0.3415170625 0.20277777656249998 0.325895765625 0.211111109375 0.3165229875 0.21805555625 0.301943109375 0.2416666671875 0.3102744671875 0.24722222343750003 0.3248543453125 0.251388890625 0.339434221875 0.251388890625