0 0.5359375 0.5734375 0.346875 0.1
0 0.45703125 0.45 0.1984375 0.053125
0 0.4296875 0.378125 0.0640625 0.0296875
0 0.22109375 0.39140625 0.13125 0.0703125
0 0.08125 0.5484375 0.1578125 0.1234375
0 0.8359375 0.8421875 0.328125 0.1875
0 0.3140625 0.26328125 0.034375 0.0328125
0 1 0.7569444437499999 0.98577835625 0.7569444437499999 0.907144515625 0.7597222234375 0.834939409375 0.751388890625 0.74699729375 0.761111109375 0.6784950140625 0.7805555562500001 0.6627580015625 0.8277777765625001 0.682197840625 0.88055555625 0.765511421875 0.9027777765625 0.8395679421875 0.925 0.9312128828124999 0.9347222234375 0.9950866312500001 0.9361111093750001 1 0.934268159375 1 0.7569444437499999
0 0 0.635672909375 0.0082835203125 0.6319444437499999 0.024020528125000003 0.626388890625 0.0508660171875 0.613888890625 0.07586009375 0.5972222234375 0.10455699375000001 0.5847222234375 0.1341796015625 0.5708333328124999 0.15084231718750002 0.548611109375 0.1610250890625 0.5222222234375 0.1536194375 0.4972222234375 0.09992846250000001 0.4916666671875 0.05456884375 0.49027777656250005 0.002445021875 0.49444444374999996 0 0.5957670671875 0 0.635672909375
0 0.192499109375 0.43333333281249997 0.211938946875 0.42777777656250005 0.2387844328125 0.41805555625 0.25452144374999996 0.411111109375 0.27766410625 0.401388890625 0.2850697578125 0.3791666671875 0.26377850937499997 0.3708333328125 0.23230448906249998 0.3583333328125 0.1841677515625 0.38055555625 0.1610250890625 0.39027777656249996 0.15824796875 0.40555555625000006 0.15824796875 0.4291666671875 0.1730592734375 0.4347222234375 0.192499109375 0.43333333281249997
0 0.3191116890625 0.24444444375000002 0.3026581828125 0.261111109375 0.3026581828125 0.28194444375 0.3193208984375 0.28472222343750003 0.336909321875 0.2708333328125 0.33042937499999997 0.26527777656249996 0.32394943125000003 0.25555555625 0.3191116890625 0.24444444375000002
0 0.3961545359375 0.376388890625 0.3961545359375 0.3916666671875 0.4202229046875 0.3958333328125 0.45169692499999997 0.3916666671875 0.4572511640625 0.38333333281250004 0.460028284375 0.375 0.460028284375 0.363888890625 0.4441116890625 0.363888890625 0.40633730625000003 0.36944444375 0.3961545359375 0.376388890625
0 0.47021105625 0.47777777656250003 0.49983366250000005 0.473611109375 0.5507475171875 0.46805555625000006 0.560004584375 0.45 0.541490453125 0.44444444375 0.510942140625 0.44444444375 0.487799478125 0.4375 0.46911168906249995 0.43055555625 0.4535483375 0.42083333281249996 0.4433655671875 0.4125 0.42762855625 0.4222222234375 0.4072630140625 0.43055555625 0.3850460578125 0.4347222234375 0.3693090484375 0.4402777765625 0.3535720375 0.44722222343749995 0.3563491578125 0.45972222343749997 0.36560622187499997 0.46805555625000006 0.3730118734375 0.473611109375 0.430405675 0.48055555625 0.47021105625 0.47777777656250003
0 0.5849986578124999 0.54444444375 0.563707409375 0.538888890625 0.5350105093749999 0.5347222234375 0.513719259375 0.536111109375 0.47669100000000003 0.5375 0.4479941 0.5375 0.411891546875 0.536111109375 0.395228828125 0.5583333328125 0.37764040625 0.5791666671875 0.3730118734375 0.5972222234375 0.37856611406249996 0.6125 0.40078306875 0.6166666671875001 0.4248514375 0.6180555562500001 0.5081650203125 0.6166666671875001 0.5350105093749999 0.6125 0.6266554515625 0.625 0.6960834359375 0.6180555562500001 0.710894740625 0.5972222234375 0.6923806109374999 0.5694444437499999 0.6442438734375 0.561111109375 0.618324090625 0.5527777765625 0.5849986578124999 0.54444444375