0 0.27421875 0.61015625 0.2296875 0.1609375
0 0.3109375 0.475 0.2359375 0.103125
0 0.58515625 0.3984375 0.0875 0.05
0 0.82890625 0.5203125 0.3421875 0.1328125
0 0.76953125 0.36796875 0.146875 0.0375
0 0.95078125 0.38515625 0.0984375 0.0296875
0 0.9515625 0.35 0.096875 0.0328125
0 0.8078125 0.321875 0.0875 0.0234375
0 0.6484375 0.8484375 0.703125 0.296875
0 0.78010245 1 0.9912883265625 0.9958333328125001 0.9884800015625 0.9291666671875 0.9940455281249999 0.9222222234374999 0.8742748656250001 0.8027777765625 0.8227889421875 0.7541666671875 0.7675585890625001 0.725 0.718880990625 0.7083333328125 0.6636506359375 0.7027777765625001 0.595314778125 0.7027777765625001 0.5213622703125 0.7083333328125 0.45770694843750004 0.725 0.39592384062499997 0.7652777765625001 0.31167415 0.8513888906249999 0.30137696406250003 0.9166666671874999 0.293888103125 0.98055555625 0.2895196015625 1 0.78010245 1
0 0.6748839281250001 0.4722222234375 0.6589700984375 0.49583333281249997 0.6589700984375 0.5208333328125 0.6842450062500001 0.5472222234374999 0.735730928125 0.573611109375 0.82372505 0.5916666671875 0.8742748656250001 0.5958333328125 0.9360579703124999 0.573611109375 0.96601341875 0.573611109375 0.99971329375 0.5291666671875 0.989416109375 0.49305555625 0.924824678125 0.473611109375 0.8452555265624999 0.45694444375 0.7816002046875 0.4583333328125 0.727305959375 0.45972222343749997 0.6748839281250001 0.4722222234375
0 0.167513565625 0.6833333328125 0.20214954999999998 0.688888890625 0.252699365625 0.6916666671875 0.2910797796875 0.676388890625 0.3378851640625 0.663888890625 0.3706489328125 0.6472222234375 0.3903071953125 0.6222222234375 0.36877671875 0.5583333328125 0.33694905625 0.54444444375 0.29763253437500004 0.538888890625 0.2480188265625 0.5458333328125 0.20121344218749998 0.56805555625 0.1731302140625 0.5930555562500001 0.1515997375 0.626388890625 0.153471953125 0.663888890625 0.167513565625 0.6833333328125
0 0.1731302140625 0.51805555625 0.218999490625 0.5347222234375 0.3032491796875 0.51944444375 0.375329471875 0.498611109375 0.40622102499999996 0.48333333281249996 0.437112578125 0.45972222343749997 0.4249431796875 0.436111109375 0.3584795328125 0.44166666718750003 0.34162959531250003 0.4458333328125 0.3313324109375 0.4347222234375 0.2966964265625 0.438888890625 0.2798464875 0.4402777765625 0.25363547343750004 0.4527777765625 0.1852996140625 0.476388890625 0.1731302140625 0.51805555625
0 0.5372761015624999 0.3916666671875 0.5335316703124999 0.40416666718750005 0.5419566375 0.42083333281249996 0.5653593296875 0.4291666671875 0.6037397453125 0.42777777656250005 0.6346312984375 0.43055555625 0.633695190625 0.40416666718750005 0.615768375 0.39027777656249996 0.6056119625 0.38333333281250004 0.595314778125 0.3777777765625 0.5822092703124999 0.3791666671875 0.5578704703125 0.388888890625 0.5372761015624999 0.3916666671875
0 0.8031306812500001 0.35972222343750004 0.7581975125 0.3541666671875 0.7198170984375001 0.3541666671875 0.692669975 0.3583333328125 0.6851811140625 0.36666666718749996 0.6917338671875 0.3777777765625 0.7216893125 0.38055555625 0.7608994609375 0.3875 0.8040667890625001 0.39027777656249996 0.8452555265624999 0.39444444375 0.8499360656249999 0.3722222234375 0.8330861265625 0.36666666718749996 0.8031306812500001 0.35972222343750004
0 0.9912883265625 0.38194444375000003 0.9716300625000001 0.38194444375000003 0.9454190499999999 0.3777777765625 0.9304413265625 0.38055555625 0.91452749375 0.3777777765625 0.892060909375 0.376388890625 0.8911248015625001 0.39027777656249996 0.9247571390625 0.4 0.9669495265625001 0.40694444374999994 0.9969049703125 0.40555555625000006 0.9912883265625 0.38194444375000003
0 0.9426107265624999 0.36805555624999997 0.99222443125 0.373611109375 0.994096646875 0.3527777765625 0.9866077859375 0.348611109375 0.9594606625000001 0.348611109375 0.9295052187499999 0.348611109375 0.907038634375 0.34305555625 0.9088395374999999 0.35555555625 0.91733581875 0.36666666718749996 0.9426107265624999 0.36805555624999997
0 0.789089065625 0.338888890625 0.813427865625 0.3333333328125 0.8489999578124999 0.3333333328125 0.8583610343749999 0.323611109375 0.8555527125 0.3083333328125 0.834022234375 0.3152777765625 0.8049069531249999 0.3125 0.780664096875 0.313888890625 0.7581975125 0.32083333281250004 0.7535169749999999 0.3347222234375 0.7713030203125 0.34305555625 0.789089065625 0.338888890625
0 0 0.648415246875 0.0242890921875 0.6402777765625001 0.0813916609375 0.5930555562500001 0.056116753124999995 0.573611109375 0.039266815625 0.5583333328125 0.167513565625 0.47777777656250003 0.125388721875 0.47777777656250003 0.068951896875 0.48333333281249996 0.047691784375000004 0.48194444374999995 0.0036947234375 0.49444444374999996 0 0.5626624765625 0 0.648415246875