0 0.81796875 0.4609375 0.0546875 0.04375
0 0.484375 0.41171875 0.15625 0.078125
0 0.67265625 0.45 0.14375 0.09375
0 0.76640625 0.48515625 0.0484375 0.0359375
0 0.49765625 0.56171875 0.1296875 0.10625
0 0.7578125 0.653125 0.1453125 0.090625
0 0.678125 0.74453125 0.3421875 0.2484375
0 0.19296875 0.1796875 0.0875 0.0359375
0 0.98046875 0.3234375 0.0390625 0.03125
0 0.521875 0.240625 0.05625 0.0375
0 0.46015625 0.26328125 0.109375 0.046875
0 0.30703125 0.2359375 0.0953125 0.04375
0 0.9859375 0.36328125 0.028125 0.0484375
0 0.73671875 0.32421875 0.1359375 0.0484375