0 0.6234375 0.3875 0.0546875 0.03125
0 0.1125 0.31015625 0.05 0.040625
0 0.4828125 0.39453125 0.0390625 0.03125
0 0.228125 0.3515625 0.1171875 0.05625
0 0.6734375 0.43359375 0.0609375 0.0453125
0 0.49140625 0.41640625 0.04375 0.028125
0 0.59765625 0.43828125 0.075 0.0421875
0 0.3453125 0.39375 0.0625 0.0390625
0 0.66328125 0.46015625 0.059375 0.034375
0 0.3328125 0.43125 0.05625 0.034375
0 0.0390625 0.66640625 0.078125 0.1515625
0 0.3609375 0.76640625 0.3390625 0.25625
0 0.684375 0.265625 0.040625 0.0171875
0 0.4265625 0.271875 0.0359375 0.0171875
0 0.63125 0.31640625 0.0765625 0.0375
0 0.5296875 0.31640625 0.0296875 0.0234375
0 0.4734375 0.30625 0.053125 0.034375
0 0.396875 0.3078125 0.03125 0.0234375
0 0.5234375 0.3328125 0.0796875 0.034375
0 0.20703125 0.29140625 0.0265625 0.025
0 0.54375 0.35859375 0.09375 0.0453125
0 0.4515625 0.34375 0.046875 0.0265625