0 0.47578125 0.3734375 0.084375 0.03125
0 0.30859375 0.39296875 0.0953125 0.0359375
0 0.184375 0.40703125 0.0359375 0.0140625
0 0.4296875 0.41640625 0.0796875 0.025
0 0.328125 0.44296875 0.0921875 0.0359375
0 0.228125 0.44296875 0.05625 0.0359375
0 0.0640625 0.4609375 0.05625 0.021875
0 0.4015625 0.4625 0.059375 0.01875
0 0.3359375 0.4765625 0.0265625 0.01875
0 0.20859375 0.5 0.0546875 0.0359375
0 0.4234375 0.50859375 0.0765625 0.046875
0 0.19765625 0.52890625 0.05625 0.028125
0 0.03359375 0.53046875 0.0671875 0.0390625
0 0.315625 0.5390625 0.0875 0.0359375
0 0.3921875 0.54453125 0.0625 0.0390625
0 0.58359375 0.3 0.0484375 0.021875