0 0.04375 0.36796875 0.0875 0.0140625
0 0.540625 0.36796875 0.0359375 0.0078125
0 0.45078125 0.4015625 0.0984375 0.01875
0 0.04375 0.40859375 0.0875 0.01875
0 0.80234375 0.41796875 0.1171875 0.021875
0 0.6625 0.4234375 0.09375 0.01875
0 0.8578125 0.4359375 0.053125 0.0140625
0 0.3921875 0.4390625 0.0875 0.021875
0 0.29921875 0.4859375 0.0515625 0.021875
0 0.3953125 0.50390625 0.0703125 0.0140625
0 0.22421875 0.54609375 0.1 0.0140625
0 0.50546875 0.5640625 0.1859375 0.028125
0 0.2125 0.57890625 0.053125 0.0140625
0 0.40078125 0.60546875 0.128125 0.01875
0 0.67421875 0.62109375 0.209375 0.0296875
0 0.3984375 0.63203125 0.121875 0.0140625
0 0.74453125 0.6765625 0.25625 0.0390625
0 0.92421875 0.88046875 0.09375 0.046875
0 0.4328125 0.3125 0.0875 0.01875
0 0.4765625 0.35546875 0.0703125 0.01875