0 0.36328125 0.4 0.33125 0.14375
0 0.13203125 0.43203125 0.0390625 0.034375
0 0.62890625 0.503125 0.1140625 0.1046875
0 0.06171875 0.54296875 0.1234375 0.1484375
0 0.3140625 0.646875 0.340625 0.36875
0 0.8953125 0.00546875 0.0375 0.0109375
0 0.81796875 0.00859375 0.0296875 0.0125
0 0.953125 0.01953125 0.040625 0.009375
0 0.8796875 0.03515625 0.08125 0.04375
0 0.4375 0.071875 0.0234375 0.0125
0 0.771875 0.0609375 0.046875 0.01875
0 0.728125 0.06875 0.0375 0.0140625
0 0.42578125 0.10859375 0.0703125 0.03125
0 0.29765625 0.1546875 0.0796875 0.040625
0 0.521875 0.17890625 0.0203125 0.0125
0 0.22421875 0.24453125 0.05625 0.034375
0 0.93125 0.2390625 0.121875 0.2046875
0 0.07109375 0.29140625 0.040625 0.0171875