0 0.1578125 0.3640625 0.2234375 0.0703125
0 0.584375 0.53359375 0.23125 0.2546875
0 0.384375 0.54140625 0.128125 0.153125
0 0.8125 0.0640625 0.0625 0.0203125
0 0.34453125 0.6625 0.0390625 0.046875
0 0.1484375 0.6640625 0.20625 0.2
0 0.8765625 0.08359375 0.03125 0.01875
0 0.671875 0.8390625 0.2203125 0.1796875
0 0.75390625 0.0890625 0.0421875 0.0296875
0 0.82578125 0.09609375 0.040625 0.0203125
0 0.90546875 0.10546875 0.03125 0.01875
0 0.815625 0.1125 0.0609375 0.03125
0 0.321875 0.11640625 0.1453125 0.0546875
0 0.41640625 0.16953125 0.1359375 0.0546875
0 0.121875 0.16953125 0.04375 0.025
0 0.38203125 0.24296875 0.0875 0.05
0 0.28203125 0.24609375 0.0765625 0.05
0 0.565625 0.32109375 0.0484375 0.0359375