0 0.14140625 0.3640625 0.0828125 0.0640625
0 0.4984375 0.4375 0.3359375 0.1890625
0 0.45390625 0.0609375 0.071875 0.021875
0 0.80234375 0.0640625 0.071875 0.05
0 0.63046875 0.07109375 0.246875 0.0578125
0 0.4375 0.10390625 0.0703125 0.04375
0 0.12421875 0.0125 0.084375 0.025
0 0.6796875 0.1140625 0.0984375 0.0578125
0 0.80625 0.12109375 0.0703125 0.0578125
0 0.35859375 0.15 0.1015625 0.05
0 0.4625 0.1859375 0.084375 0.04375
0 0.80546875 0.0234375 0.071875 0.025
0 0.55 0.25390625 0.1265625 0.0859375
0 0.0640625 0.02890625 0.0765625 0.0296875
0 0.79609375 0.2859375 0.075 0.0859375