0 0.50390625 0.77578125 0.078125 0.0640625
0 0.44296875 0.65234375 0.05 0.040625
0 0.453125 0.59765625 0.040625 0.025
0 0.4953125 0.57421875 0.04375 0.01875
0 0.5015625 0.55859375 0.0265625 0.0140625
0 0.51953125 0.63515625 0.025 0.025
0 0.50859375 0.5953125 0.0359375 0.0140625
0 0.5125 0.67578125 0.05 0.0484375
0 0.74296875 0.62421875 0.03125 0.0125
0 0.6359375 0.56171875 0.01875 0.0078125
0 0.56015625 0.5359375 0.0234375 0.0078125
0 0.484375 0.7328125 0.071875 0.0390625
0 0.46015625 0.70234375 0.03125 0.0515625