0 0.64296875 0.81484375 0.259375 0.2046875
0 0.65625 0.4953125 0.209375 0.0921875
0 0.75703125 0.3921875 0.1796875 0.0515625
0 0.76953125 0.31640625 0.1234375 0.040625
0 0.6921875 0.2875 0.1078125 0.0328125
0 0.646875 0.259375 0.096875 0.0265625
0 0.7125 0.2203125 0.0671875 0.0265625
0 0.44140625 0.41328125 0.1234375 0.0484375
0 0.44609375 0.3703125 0.0875 0.040625
0 0.53984375 0.31875 0.075 0.0296875
0 0.3890625 0.33046875 0.0921875 0.0328125
0 0.3375 0.37109375 0.0625 0.0296875
0 0.078125 0.75703125 0.1234375 0.1015625