0 0.5765625 0.7203125 0.2234375 0.10625
0 0.3421875 0.85 0.1296875 0.1203125
0 0.42265625 0.64140625 0.1140625 0.0625
0 0.45390625 0.571875 0.0921875 0.05
0 0.5671875 0.61171875 0.0953125 0.05
0 0.5796875 0.51015625 0.0859375 0.034375
0 0.38125 0.48359375 0.1625 0.040625
0 0.2734375 0.5203125 0.0984375 0.0390625
0 0.47109375 0.43671875 0.0875 0.0265625
0 0.9203125 0.66015625 0.1546875 0.0875
0 0.8671875 0.58515625 0.1 0.04375
0 0.81875 0.54140625 0.1125 0.05
0 0.75390625 0.471875 0.0671875 0.0234375
0 0.6875 0.43828125 0.0703125 0.0234375
0 0.73125 0.3984375 0.1078125 0.0296875
0 0.6015625 0.353125 0.103125 0.0265625
0 0.6421875 0.3765625 0.0640625 0.0203125
0 0.4859375 0.38984375 0.0578125 0.0203125