0 0.328125 0.61484375 0.2640625 0.196875
0 0.671875 0.8546875 0.4375 0.2765625
0 0.1953125 0.93984375 0.3296875 0.1203125
0 0.07890625 0.74765625 0.1578125 0.1359375
0 0.6546875 0.45859375 0.390625 0.1640625
0 0.31015625 0.38671875 0.153125 0.0671875
0 0.1203125 0.43984375 0.140625 0.1
0 0.025 0.51640625 0.05 0.0609375
0 0.3703125 0.18671875 0.153125 0.053125
0 0.51484375 0.28203125 0.190625 0.0625
0 0.5953125 0.221875 0.084375 0.0375
0 0.7796875 0.23203125 0.19375 0.0703125
0 0.303125 0.128125 0.1 0.0375
0 0.41015625 0.11015625 0.134375 0.040625
0 0.65703125 0.16015625 0.246875 0.0671875
0 0.246875 0.071875 0.1796875 0.0703125
0 0.428125 0.346875 0.1375 0.053125
0 0.30859375 0.28515625 0.0640625 0.0375
0 0.9546875 0.71328125 0.0828125 0.10625