0 0.3234375 0.68515625 0.071875 0.040625
0 0.35390625 0.65234375 0.0203125 0.0171875
0 0.23125 0.78984375 0.109375 0.03125
0 0.26015625 0.75234375 0.071875 0.0390625
0 0.9078125 0.74296875 0.1828125 0.146875
0 0.79375 0.65625 0.0375 0.03125
0 0.7109375 0.6046875 0.034375 0.025
0 0.6453125 0.56953125 0.071875 0.05
0 0.58046875 0.55859375 0.034375 0.021875
0 0.5390625 0.50546875 0.0140625 0.0046875
0 0.453125 0.515625 0.0125 0.00625
0 0.4890625 0.50078125 0.00625 0.0046875
0 0.47265625 0.4953125 0.0078125 0.00625