0 0.51328125 0.29296875 0.084375 0.0796875
0 0.5890625 0.21640625 0.05 0.053125
0 0.57890625 0.4234375 0.0734375 0.1
0 0.47421875 0.56328125 0.1 0.053125
0 0.49765625 0.51796875 0.071875 0.0296875
0 0.7390625 0.6234375 0.0546875 0.1140625
0 0.7765625 0.78515625 0.0859375 0.15
0 0.7 0.421875 0.04375 0.0703125
0 0.66640625 0.28984375 0.0578125 0.0796875
0 0.47578125 0.38203125 0.040625 0.0296875
0 0.46640625 0.41640625 0.040625 0.0203125
0 0.4921875 0.3484375 0.0296875 0.0234375
0 0.5265625 0.16796875 0.0359375 0.0234375