0 0.48671875 0.29296875 0.084375 0.0796875
0 0.4109375 0.21640625 0.05 0.053125
0 0.42109375 0.4234375 0.0734375 0.1
0 0.52578125 0.56328125 0.1 0.053125
0 0.50234375 0.51796875 0.071875 0.0296875
0 0.2609375 0.6234375 0.0546875 0.1140625
0 0.2234375 0.78515625 0.0859375 0.15
0 0.3 0.421875 0.04375 0.0703125
0 0.33359375 0.28984375 0.0578125 0.0796875
0 0.52421875 0.38203125 0.040625 0.0296875
0 0.53359375 0.41640625 0.040625 0.0203125
0 0.5078125 0.3484375 0.0296875 0.0234375
0 0.4734375 0.16796875 0.0359375 0.0234375