0 0.35703125 0.81484375 0.259375 0.2046875
0 0.34375 0.4953125 0.209375 0.0921875
0 0.24296875 0.3921875 0.1796875 0.0515625
0 0.23046875 0.31640625 0.1234375 0.040625
0 0.3078125 0.2875 0.1078125 0.0328125
0 0.353125 0.259375 0.096875 0.0265625
0 0.2875 0.2203125 0.0671875 0.0265625
0 0.55859375 0.41328125 0.1234375 0.0484375
0 0.55390625 0.3703125 0.0875 0.040625
0 0.46015625 0.31875 0.075 0.0296875
0 0.6109375 0.33046875 0.0921875 0.0328125
0 0.6625 0.37109375 0.0625 0.0296875
0 0.921875 0.75703125 0.1234375 0.1015625