0 0.35625 0.81484375 0.259375 0.203125
0 0.34453125 0.4953125 0.2078125 0.090625
0 0.24296875 0.39140625 0.1796875 0.05
0 0.23125 0.31640625 0.121875 0.040625
0 0.30703125 0.28671875 0.10625 0.0328125
0 0.35390625 0.26015625 0.0953125 0.0265625
0 0.28671875 0.2203125 0.065625 0.0265625
0 0.55859375 0.41328125 0.1234375 0.046875
0 0.5546875 0.3703125 0.0875 0.0390625
0 0.46015625 0.31796875 0.0734375 0.0296875
0 0.6109375 0.3296875 0.090625 0.0328125
0 0.6625 0.371875 0.0625 0.0296875
0 0.921875 0.75703125 0.1234375 0.1