0 0.71640625 0.646875 0.4125 0.2671875
0 0.74453125 0.4203125 0.078125 0.040625
0 0.86328125 0.9015625 0.128125 0.196875
0 0.35859375 0.71796875 0.140625 0.14375
0 0.30546875 0.875 0.0859375 0.1375
0 0.1875 0.828125 0.121875 0.14375
0 0.17109375 0.66640625 0.1625 0.1203125
0 0.11953125 0.55859375 0.2359375 0.14375
0 0.28671875 0.46015625 0.0859375 0.0796875
0 0.228125 0.4015625 0.13125 0.0703125
0 0.39765625 0.54296875 0.1453125 0.146875
0 0.51875 0.425 0.071875 0.0703125
0 0.05 0.796875 0.1 0.134375
0 0.50546875 0.73515625 0.065625 0.109375