0 0.2046875 0.48359375 0.0609375 0.053125
0 0.378125 0.35703125 0.25 0.0734375
0 0.875 0.63203125 0.2375 0.2890625
0 0.9484375 0.89453125 0.1 0.2109375
0 0.43828125 0.846875 0.3703125 0.265625
0 0.240625 0.69296875 0.078125 0.0734375
0 0.47421875 0.53984375 0.1296875 0.0796875
0 0.61171875 0.6265625 0.0609375 0.040625
0 0.6609375 0.41796875 0.0609375 0.04375
0 0.2953125 0.45 0.1125 0.0671875
0 0.27890625 0.5265625 0.046875 0.034375
0 0.1625 0.61484375 0.05625 0.0578125
0 0.2 0.7796875 0.059375 0.0609375
0 0.61484375 0.321875 0.1703125 0.04375