0 0.28359375 0.646875 0.4125 0.2671875
0 0.25546875 0.4203125 0.078125 0.040625
0 0.13671875 0.9015625 0.128125 0.196875
0 0.64140625 0.71796875 0.140625 0.14375
0 0.69453125 0.875 0.0859375 0.1375
0 0.8125 0.828125 0.121875 0.14375
0 0.82890625 0.66640625 0.1625 0.1203125
0 0.88046875 0.55859375 0.2359375 0.14375
0 0.71328125 0.46015625 0.0859375 0.0796875
0 0.771875 0.4015625 0.13125 0.0703125
0 0.60234375 0.54296875 0.1453125 0.146875
0 0.48125 0.425 0.071875 0.0703125
0 0.95 0.796875 0.1 0.134375
0 0.49453125 0.73515625 0.065625 0.109375